1 0.011904761904761904 0.00871413390010627
2 0.011904761904761904 0.00871413390010627
3 0.012755102040816327 0.007863974495217854
4 0.013818027210884353 0.007863974495217854
5 0.013605442176870748 0.006801275239107333
6 0.012755102040816327 0.008926673751328374
7 0.01211734693877551 0.008501594048884165
8 0.01211734693877551 0.008289054197662061
9 0.012755102040816327 0.007863974495217854
10 0.015306122448979591 0.005526036131774708
11 0.01764455782312925 0.004038257173219979
12 0.0116921768707483 0.008926673751328374
13 0.014668367346938776 0.004675876726886291
14 0.015306122448979591 0.004463336875664187
15 0.012329931972789115 0.008289054197662061
16 0.01211734693877551 0.008501594048884165
17 0.012542517006802721 0.008289054197662061
18 0.021258503401360544 0.0012752391073326248
19 0.015306122448979591 0.005526036131774708
20 0.01913265306122449 0.0025504782146652497
21 0.019982993197278913 0.0025504782146652497
22 0.0195578231292517 0.0017003188097768332
23 0.02189625850340136 0.0008501594048884166
24 0.02189625850340136 0.0004250797024442083
25 0.022108843537414966 0.0004250797024442083
26 0.023171768707482995 0.0
27 0.021045918367346938 0.0017003188097768332
28 0.022321428571428572 0.0006376195536663124
29 0.022321428571428572 0.0004250797024442083
30 0.02423469387755102 0.00021253985122210415
31 0.025085034013605442 0.00021253985122210415
32 0.024022108843537414 0.0004250797024442083
33 0.027848639455782313 0.0004250797024442083
34 0.025297619047619048 0.0
35 0.027636054421768707 0.0
36 0.029549319727891158 0.0
37 0.029549319727891158 0.00021253985122210415
38 0.02976190476190476 0.0
39 0.02657312925170068 0.0
40 0.0274234693877551 0.0
41 0.031037414965986394 0.0
42 0.027636054421768707 0.0
43 0.027848639455782313 0.0
44 0.029974489795918366 0.0
45 0.029124149659863947 0.0
46 0.031462585034013606 0.0
47 0.03167517006802721 0.0
48 0.03125 0.0
49 0.03358843537414966 0.0
50 0.031462585034013606 0.0
51 0.03358843537414966 0.0
52 0.03082482993197279 0.0
53 0.03550170068027211 0.0
54 0.03380102040816327 0.0
55 0.030612244897959183 0.0
56 0.036989795918367346 0.0
57 0.035076530612244895 0.0
58 0.03592687074829932 0.0
59 0.03932823129251701 0.0
60 0.038052721088435375 0.0
61 0.04102891156462585 0.0
62 0.04081632653061224 0.0
63 0.04251700680272109 0.0
64 0.04634353741496599 0.0
65 0.0389030612244898 0.0
66 0.04124149659863945 0.0
67 0.047193877551020405 0.0
68 0.04634353741496599 0.0
69 0.04804421768707483 0.0
70 0.045068027210884355 0.0
71 0.04336734693877551 0.0
72 0.05250850340136055 0.0
73 0.04804421768707483 0.0
74 0.04953231292517007 0.0
75 0.04974489795918367 0.0
76 0.0546343537414966 0.0
77 0.057185374149659865 0.0
78 0.057185374149659865 0.0
79 0.0584608843537415 0.0
80 0.05038265306122449 0.0
81 0.06143707482993197 0.0
82 0.05803571428571429 0.0
83 0.05952380952380952 0.0
84 0.06611394557823129 0.0
85 0.06313775510204081 0.0
86 0.0548469387755102 0.0
87 0.0663265306122449 0.0
88 0.07079081632653061 0.0
89 0.07164115646258504 0.0
90 0.06398809523809523 0.0
91 0.06951530612244898 0.0
92 0.070578231292517 0.0
93 0.07227891156462585 0.0
94 0.08715986394557823 0.0
95 0.06164965986394558 0.0
96 0.0782312925170068 0.0
97 0.06930272108843537 0.0
98 0.07355442176870748 0.0
99 0.08907312925170068 0.0
100 0.085671768707483 0.0
101 0.09842687074829932 0.0
102 0.08886054421768708 0.0
103 0.08630952380952381 0.0
104 0.09672619047619048 0.0
105 0.0935374149659864 0.0
106 0.09268707482993198 0.0
107 0.09821428571428571 0.0
108 0.09226190476190477 0.0
109 0.10331632653061225 0.0
110 0.08758503401360544 0.0
111 0.10629251700680271 0.0
112 0.1133078231292517 0.0
113 0.10246598639455783 0.0
114 0.1130952380952381 0.0
115 0.12202380952380952 0.0
116 0.11224489795918367 0.0
117 0.12308673469387756 0.0
118 0.13073979591836735 0.0
119 0.11904761904761904 0.0
120 0.13499149659863946 0.0
121 0.12733843537414966 0.0
122 0.13137755102040816 0.0
123 0.13796768707482993 0.0
124 0.14243197278911565 0.0
125 0.13966836734693877 0.0
126 0.13116496598639457 0.0
127 0.14965986394557823 0.0
128 0.1519982993197279 0.0
129 0.15539965986394558 0.0
130 0.16284013605442177 0.0
131 0.1683673469387755 0.0
132 0.16709183673469388 0.0
133 0.16666666666666666 0.0
134 0.1758078231292517 0.0
135 0.17687074829931973 0.0
136 0.18069727891156462 0.0
137 0.15625 0.0
138 0.18579931972789115 0.0
139 0.18303571428571427 0.0
140 0.17070578231292516 0.0
141 0.20110544217687074 0.0
142 0.19770408163265307 0.0
143 0.20748299319727892 0.0
144 0.1991921768707483 0.0
145 0.20514455782312926 0.0
146 0.21619897959183673 0.0
147 0.21428571428571427 0.0
148 0.20386904761904762 0.0
149 0.21875 0.0
150 0.20939625850340135 0.0
151 0.22363945578231292 0.0
152 0.2149234693877551 0.0
153 0.23873299319727892 0.0
154 0.25212585034013607 0.0
155 0.24298469387755103 0.0
156 0.24447278911564627 0.0
157 0.2457482993197279 0.0
158 0.2710459183673469 0.0
159 0.2638180272108844 0.0
160 0.2965561224489796 0.0
161 0.3093112244897959 0.00021253985122210415
162 0.3424744897959184 0.0
163 0.32206632653061223 0.0
164 0.36033163265306123 0.0
165 0.35778061224489793 0.0
166 0.40114795918367346 0.00021253985122210415
167 0.3983843537414966 0.0
168 0.4249574829931973 0.00021253985122210415
169 0.44281462585034015 0.00021253985122210415
170 0.484906462585034 0.00021253985122210415
171 0.4893707482993197 0.00021253985122210415
172 0.5121173469387755 0.00021253985122210415
173 0.5321003401360545 0.0006376195536663124
174 0.5361394557823129 0.0012752391073326248
175 0.5671768707482994 0.0006376195536663124
176 0.6020408163265306 0.0012752391073326248
177 0.6090561224489796 0.001487778958554729
178 0.6585884353741497 0.0019128586609989374
179 0.6770833333333334 0.001487778958554729
180 0.6594387755102041 0.0017003188097768332
181 0.6789965986394558 0.0036131774707757703
182 0.7091836734693877 0.004250797024442083
183 0.7319302721088435 0.005100956429330499
184 0.7508503401360545 0.002975557917109458
185 0.7740221088435374 0.005100956429330499
186 0.7808248299319728 0.008501594048884165
187 0.798469387755102 0.0076514346439957494
188 0.8073979591836735 0.008501594048884165
189 0.8343962585034014 0.011689691817215728
190 0.8246173469387755 0.012114771519659936
191 0.8737244897959183 0.012964930924548352
192 0.8601190476190477 0.013390010626992561
193 0.8941326530612245 0.01487778958554729
194 0.8843537414965986 0.015515409139213603
195 0.8903061224489796 0.022104144527098833
196 0.9013605442176871 0.022529224229543038
197 0.9294217687074829 0.022529224229543038
198 0.9366496598639455 0.02316684378320935
199 0.9145408163265306 0.026780021253985122
200 0.9438775510204082 0.026354941551540913
201 0.9398384353741497 0.027842720510095644
202 0.9462159863945578 0.03443145589798087
203 0.9562074829931972 0.035706695005313496
204 0.9640731292517006 0.03166843783209352
205 0.9672619047619048 0.03846971307120085
206 0.9591836734693877 0.04293304994686504
207 0.9704506802721088 0.04165781083953241
208 0.9710884353741497 0.04293304994686504
209 0.9787414965986394 0.04484590860786397
210 0.9772534013605442 0.04293304994686504
211 0.9897959183673469 0.048459086078639746
212 0.9819302721088435 0.053134962805526036
213 0.9842687074829932 0.055047821466524975
214 0.9902210884353742 0.0561105207226355
215 0.985969387755102 0.061211477151965996
216 0.9893707482993197 0.059723698193411265
217 0.9904336734693877 0.05759829968119022
218 0.9923469387755102 0.06482465462274177
219 0.9910714285714286 0.061636556854410204
220 0.9921343537414966 0.0667375132837407
221 0.9908588435374149 0.06461211477151967
222 0.9929846938775511 0.06354941551540914
223 0.9974489795918368 0.0765143464399575
224 0.9970238095238095 0.07587672688629118
225 0.9957482993197279 0.07396386822529225
226 0.9957482993197279 0.07800212539851221
227 0.9980867346938775 0.08310308182784272
228 0.997874149659864 0.07906482465462274
229 0.9993622448979592 0.08267800212539851
230 0.998937074829932 0.08437832093517535
231 0.9991496598639455 0.0922422954303932
232 0.9985119047619048 0.09011689691817215
233 0.9995748299319728 0.08884165781083954
234 0.9987244897959183 0.09521785334750266
235 0.9991496598639455 0.09309245483528161
236 0.9985119047619048 0.10223166843783209
237 0.9995748299319728 0.09989373007438895
238 0.9995748299319728 0.10669500531349628
239 0.998937074829932 0.10626992561105207
240 0.9993622448979592 0.10605738575982997
241 0.9985119047619048 0.10605738575982997
242 0.9997874149659864 0.10414452709883103
243 0.9995748299319728 0.10924548352816153
244 0.9997874149659864 0.1126461211477152
245 1.0 0.10967056323060574
246 0.9997874149659864 0.12603613177470777
247 0.9995748299319728 0.11838469713071201
248 0.9997874149659864 0.13113708820403824
249 0.9995748299319728 0.13049946865037196
250 0.9995748299319728 0.12964930924548354
251 1.0 0.1279489904357067
252 1.0 0.13985122210414452
253 0.9997874149659864 0.13666312433581296
254 0.9997874149659864 0.1332624867162593
255 1.0 0.14686503719447397
256 0.9997874149659864 0.14537725823591924
257 0.9993622448979592 0.14665249734325186
258 1.0 0.13666312433581296
259 0.9997874149659864 0.15579171094580233
260 0.9997874149659864 0.14558979808714134
261 1.0 0.15727948990435706
262 1.0 0.16620616365568544
263 1.0 0.16089266737513283
264 0.9995748299319728 0.159192348565356
265 1.0 0.16238044633368756
266 1.0 0.16663124335812965
267 1.0 0.16280552603613177
268 1.0 0.16981934112646122
269 1.0 0.16238044633368756
270 1.0 0.18214665249734324
271 1.0 0.17789585547290118
272 1.0 0.17577045696068014
273 1.0 0.17768331562167908
274 1.0 0.18597236981934112
275 1.0 0.19064824654622742
276 1.0 0.19064824654622742
277 1.0 0.19744952178533476
278 1.0 0.19829968119022318
279 1.0 0.20935175345377258
280 1.0 0.19596174282678003
281 1.0 0.20850159404888416
282 1.0 0.20276301806588734
283 0.9997874149659864 0.2150903294367694
284 1.0 0.21700318809776833
285 1.0 0.2206163655685441
286 1.0 0.23018065887353878
287 1.0 0.2255047821466525
288 1.0 0.226567481402763
289 1.0 0.23315621679064824
290 1.0 0.21657810839532413
291 1.0 0.23825717321997875
292 1.0 0.22189160467587674
293 1.0 0.2267800212539851
294 1.0 0.2361317747077577
295 1.0 0.23804463336875664
296 1.0 0.23719447396386822
297 1.0 0.24867162592986186
298 1.0 0.25674814027630183
299 1.0 0.23846971307120085
300 1.0 0.255047821466525
301 1.0 0.2507970244420829
302 1.0 0.2544102019128587
303 1.0 0.27035069075451645
304 1.0 0.2605738575982997
305 0.9997874149659864 0.24782146652497344
306 1.0 0.2675876726886291
307 1.0 0.255047821466525
308 1.0 0.2563230605738576
309 0.9997874149659864 0.259086078639745
310 1.0 0.2722635494155154
311 1.0 0.27077577045696066
312 0.9997874149659864 0.277577045696068
313 1.0 0.2822529224229543
314 1.0 0.2765143464399575
315 1.0 0.27927736450584484
316 1.0 0.2867162592986185
317 1.0 0.27970244420828905
318 1.0 0.29819341126461213
319 1.0 0.30605738575983
320 1.0 0.2913921360255048
321 1.0 0.31094580233793834
322 1.0 0.29521785334750267
323 1.0 0.29394261424017004
324 1.0 0.3015940488841658
325 0.9997874149659864 0.29861849096705634
326 1.0 0.30414452709883105
327 1.0 0.31094580233793834
328 1.0 0.3022316684378321
329 1.0 0.3228480340063762
330 1.0 0.3281615302869288
331 1.0 0.31689691817215726
332 1.0 0.31732199787460147
333 1.0 0.3249734325185972
334 1.0 0.3149840595111583
335 1.0 0.2969181721572795
336 1.0 0.3375132837407014
337 1.0 0.33156216790648246
338 1.0 0.33092454835281615
339 1.0 0.33134962805526036
340 1.0 0.3424017003188098
341 1.0 0.3470775770456961
342 1.0 0.35069075451647186
343 1.0 0.348990435706695
344 1.0 0.3528161530286929
345 1.0 0.35026567481402765
346 1.0 0.3343251859723698
347 1.0 0.3708820403825717
348 1.0 0.35536663124335816
349 1.0 0.3528161530286929
350 1.0 0.36833156216790647
351 1.0 0.36323060573857596
352 1.0 0.3696068012752391
353 1.0 0.35727948990435704
354 1.0 0.3432518597236982
355 1.0 0.37279489904357066
356 1.0 0.38129649309245484
357 1.0 0.37747077577045696
358 1.0 0.37640807651434643
359 1.0 0.37683315621679064
360 1.0 0.36748140276301805
361 0.9997874149659864 0.3655685441020191
362 1.0 0.35791710945802335
363 0.9995748299319728 0.3700318809776833
364 1.0 0.3789585547290117
365 1.0 0.39553666312433583
366 1.0 0.40233793836344317
367 1.0 0.4110520722635494
368 1.0 0.3889479277364506
369 1.0 0.40871413390010625
370 1.0 0.40085015940488844
371 1.0 0.39574920297555793
372 1.0 0.3891604675876727
373 0.9995748299319728 0.3834218916046759
374 1.0 0.4248671625929862
375 1.0 0.42401700318809776
376 1.0 0.4248671625929862
377 1.0 0.4310308182784272
378 1.0 0.4216790648246546
379 1.0 0.43358129649309246
380 1.0 0.448884165781084
381 1.0 0.430605738575983
382 1.0 0.4252922422954304
383 0.9997874149659864 0.4153028692879915
384 1.0 0.42869287991498406
385 1.0 0.420403825717322
386 1.0 0.426567481402763
387 1.0 0.4565356004250797
388 1.0 0.45462274176408074
389 1.0 0.4365568544102019
390 1.0 0.4505844845908608
391 1.0 0.4261424017003188
392 1.0 0.4497343251859724
393 1.0 0.47927736450584485
394 1.0 0.4780021253985122
395 1.0 0.46014877789585545
396 1.0 0.4629117959617428
397 1.0 0.4707757704569607
398 1.0 0.4527098831030818
399 1.0 0.4871413390010627
400 1.0 0.4818278427205101
401 1.0 0.48480340063761956
402 1.0 0.4533475026567481
403 1.0 0.4684378320935175
404 1.0 0.4852284803400638
405 1.0 0.46567481402763017
406 1.0 0.48310308182784273
407 0.9997874149659864 0.5109458023379384
408 1.0 0.4635494155154091
409 1.0 0.5194473963868226
410 1.0 0.4826780021253985
411 1.0 0.4950053134962806
412 1.0 0.5217853347502657
413 1.0 0.5217853347502657
414 1.0 0.5137088204038257
415 0.9997874149659864 0.5190223166843784
416 1.0 0.4973432518597237
417 1.0 0.5141339001062699
418 1.0 0.5196599362380446
419 1.0 0.5281615302869288
420 1.0 0.520297555791711
421 1.0 0.4916046758767269
422 0.9997874149659864 0.49394261424017005
423 1.0 0.5098831030818278
424 1.0 0.49861849096705635
425 0.9997874149659864 0.5200850159404888
426 1.0 0.5638682252922423
427 1.0 0.5462274176408076
428 1.0 0.5596174282678003
429 1.0 0.5453772582359192
430 1.0 0.5630180658873539
431 1.0 0.5534537725823592
432 1.0 0.5543039319872476
433 1.0 0.5621679064824655
434 1.0 0.5630180658873539
435 1.0 0.5349628055260361
436 1.0 0.5515409139213603
437 1.0 0.5691817215727949
438 0.9997874149659864 0.5615302869287991
439 0.9997874149659864 0.559192348565356
440 1.0 0.5621679064824655
441 1.0 0.5980871413390011
442 1.0 0.60403825717322
443 1.0 0.5900106269925611
444 0.9997874149659864 0.5902231668437832
445 1.0 0.5846971307120085
446 1.0 0.6110520722635494
447 1.0 0.6178533475026567
448 0.9997874149659864 0.618278427205101
449 1.0 0.6376195536663124
450 1.0 0.6403825717321998
451 1.0 0.6357066950053135
452 1.0 0.5997874601487779
453 1.0 0.6278427205100956
454 1.0 0.5970244420828905
455 0.9997874149659864 0.5738575982996812
456 1.0 0.6097768331562168
457 0.9997874149659864 0.6269925611052072
458 1.0 0.6565356004250797
459 1.0 0.6665249734325186
460 1.0 0.6648246546227418
461 1.0 0.6686503719447396
462 1.0 0.6690754516471838
463 1.0 0.6344314558979809
464 1.0 0.6724760892667375
465 1.0 0.6629117959617429
466 0.9997874149659864 0.6484590860786398
467 0.9997874149659864 0.6529224229543039
468 0.9995748299319728 0.6473963868225292
469 0.9997874149659864 0.6291179596174282
470 1.0 0.6507970244420829
471 1.0 0.6722635494155154
472 0.9995748299319728 0.6682252922422954
473 1.0 0.6629117959617429
474 1.0 0.6975557917109458
475 1.0 0.6962805526036132
476 1.0 0.6950053134962806
477 1.0 0.696068012752391
478 1.0 0.7018065887353879
479 1.0 0.6928799149840595
480 0.9997874149659864 0.6977683315621679
481 1.0 0.6879914984059511
482 1.0 0.70201912858661
483 1.0 0.7064824654622742
484 1.0 0.7190223166843783
485 1.0 0.7515409139213602
486 1.0 0.7458023379383635
487 1.0 0.7341126461211477
488 1.0 0.7400637619553666
489 1.0 0.7560042507970245
490 1.0 0.7585547290116897
491 1.0 0.7545164718384697
492 1.0 0.7551540913921361
493 1.0 0.7689691817215728
494 1.0 0.7434643995749203
495 1.0 0.7551540913921361
496 1.0 0.7441020191285866
497 1.0 0.7438894792773645
498 1.0 0.7791710945802338
499 1.0 0.7710945802337938
500 0.9997874149659864 0.7683315621679064
501 1.0 0.7279489904357067
502 1.0 0.7770456960680128
503 1.0 0.7689691817215728
504 1.0 0.7800212539851222
505 1.0 0.7914984059511159
506 1.0 0.7689691817215728
507 0.9995748299319728 0.7209351753453772
508 1.0 0.7602550478214666
509 1.0 0.7808714133900106
510 1.0 0.7475026567481403
511 0.9997874149659864 0.7417640807651434
512 0.9997874149659864 0.7621679064824655
513 1.0 0.7317747077577046
514 1.0 0.8065887353878852
515 0.9997874149659864 0.8031880977683316
516 1.0 0.7872476089266738
517 0.9997874149659864 0.7906482465462275
518 1.0 0.7968119022316684
519 1.0 0.7719447396386823
520 1.0 0.7887353878852285
521 1.0 0.8155154091392136
522 1.0 0.8221041445270988
523 1.0 0.7840595111583422
524 1.0 0.8072263549415516
525 0.9995748299319728 0.787672688629118
526 0.9997874149659864 0.7742826780021254
527 1.0 0.8189160467587673
528 0.9997874149659864 0.8478214665249735
529 1.0 0.844845908607864
530 1.0 0.8136025504782146
531 1.0 0.8601487778958554
532 0.9997874149659864 0.8131774707757704
533 1.0 0.8274176408076515
534 0.9997874149659864 0.8320935175345378
535 1.0 0.8221041445270988
536 1.0 0.8261424017003188
537 0.9997874149659864 0.8284803400637619
538 1.0 0.8410201912858661
539 1.0 0.8648246546227417
540 1.0 0.8537725823591924
541 1.0 0.8733262486716259
542 1.0 0.8546227417640808
543 1.0 0.8758767268862911
544 1.0 0.8792773645058448
545 1.0 0.8541976620616366
546 1.0 0.8758767268862911
547 1.0 0.855047821466525
548 1.0 0.8981934112646122
549 1.0 0.8567481402763019
550 1.0 0.8814027630180659
551 1.0 0.853134962805526
552 1.0 0.8431455897980872
553 1.0 0.7953241232731137
554 0.9997874149659864 0.8267800212539851
555 1.0 0.8422954303931988
556 1.0 0.8546227417640808
557 0.9997874149659864 0.836769394261424
558 0.9995748299319728 0.8480340063761955
559 1.0 0.871413390010627
560 1.0 0.8575982996811902
561 0.998937074829932 0.8091392136025505
562 0.998937074829932 0.8131774707757704
563 0.9997874149659864 0.8603613177470776
564 1.0 0.8712008501594048
565 0.9997874149659864 0.9026567481402763
566 1.0 0.908182784272051
567 1.0 0.881615302869288
568 1.0 0.8969181721572795
569 1.0 0.8986184909670564
570 1.0 0.9156216790648246
571 1.0 0.916471838469713
572 0.9997874149659864 0.881615302869288
573 1.0 0.8901168969181722
574 1.0 0.9209351753453773
575 0.9997874149659864 0.9307120085015941
576 1.0 0.9232731137088204
577 1.0 0.9336875664187035
578 1.0 0.9011689691817216
579 1.0 0.9239107332624867
580 1.0 0.9343251859723698
581 1.0 0.9270988310308182
582 1.0 0.9045696068012753
583 1.0 0.9287991498405951
584 1.0 0.9230605738575983
585 1.0 0.9404888416578109
586 1.0 0.9247608926673752
587 1.0 0.9290116896918172
588 1.0 0.9321997874601488
589 1.0 0.9052072263549416
590 1.0 0.8809776833156217
591 1.0 0.9230605738575983
592 1.0 0.9328374070138151
593 1.0 0.9477151965993624
594 1.0 0.9394261424017003
595 1.0 0.926673751328374
596 1.0 0.9300743889479277
597 1.0 0.9241232731137088
598 1.0 0.9356004250797024
599 1.0 0.9511158342189161
600 1.0 0.9166843783209352
601 1.0 0.9107332624867163
602 0.9997874149659864 0.8954303931987248
603 0.9997874149659864 0.9260361317747078
604 1.0 0.9407013815090329
605 1.0 0.9360255047821466
606 1.0 0.9483528161530287
607 1.0 0.9570669500531349
608 1.0 0.953241232731137
609 1.0 0.9392136025504783
610 1.0 0.9268862911795962
611 1.0 0.9485653560042508
612 1.0 0.926461211477152
613 1.0 0.9466524973432519
614 0.9997874149659864 0.9296493092454835
615 0.9995748299319728 0.9037194473963869
616 1.0 0.9390010626992561
617 0.9995748299319728 0.9564293304994687
618 1.0 0.9315621679064825
619 1.0 0.9577045696068013
620 1.0 0.953028692879915
621 1.0 0.9504782146652497
622 1.0 0.9574920297555791
623 1.0 0.963230605738576
624 0.9997874149659864 0.9424017003188098
625 1.0 0.9517534537725824
626 1.0 0.944952178533475
627 0.9997874149659864 0.9555791710945802
628 1.0 0.9485653560042508
629 1.0 0.9744952178533475
630 1.0 0.9526036131774708
631 0.9997874149659864 0.9109458023379383
632 0.9997874149659864 0.9594048884165781
633 1.0 0.9504782146652497
634 0.9995748299319728 0.961317747077577
635 1.0 0.9494155154091393
636 1.0 0.9628055260361318
637 1.0 0.9540913921360255
638 1.0 0.9679064824654623
639 1.0 0.9679064824654623
640 1.0 0.973645058448459
641 1.0 0.9581296493092455
642 1.0 0.9587672688629117
643 1.0 0.9683315621679065
644 1.0 0.9594048884165781
645 1.0 0.9761955366631243
646 1.0 0.9732199787460148
647 1.0 0.9721572794899044
648 1.0 0.9706695005313496
649 1.0 0.9602550478214665
650 1.0 0.9596174282678002
651 1.0 0.9619553666312434
652 1.0 0.9727948990435706
653 0.9997874149659864 0.9617428267800212
654 1.0 0.9702444208289054
655 1.0 0.9761955366631243
656 0.9997874149659864 0.9679064824654623
657 1.0 0.969394261424017
658 1.0 0.9479277364505845
659 0.9995748299319728 0.9373007438894793
660 0.9970238095238095 0.8973432518597237
661 1.0 0.9489904357066951
662 0.9997874149659864 0.963443145589798
663 1.0 0.9702444208289054
664 0.9997874149659864 0.9496280552603613
665 1.0 0.9764080765143465
666 1.0 0.9625929861849096
667 1.0 0.981509032943677
668 1.0 0.9655685441020191
669 1.0 0.9502656748140277
670 1.0 0.973645058448459
671 1.0 0.9800212539851222
672 1.0 0.9827842720510096
673 1.0 0.9681190223166843
674 0.9997874149659864 0.9806588735387886
675 1.0 0.9846971307120085
676 1.0 0.9781083953241233
677 0.9997874149659864 0.971307120085016
678 1.0 0.9753453772582359
679 1.0 0.9821466524973432
680 1.0 0.9689691817215728
681 1.0 0.9679064824654623
682 1.0 0.9764080765143465
683 1.0 0.9772582359192349
684 1.0 0.9851222104144527
685 1.0 0.9863974495217853
686 1.0 0.9778958554729011
687 1.0 0.9870350690754517
688 1.0 0.9910733262486716
689 1.0 0.9808714133900106
690 1.0 0.9868225292242295
691 1.0 0.9904357066950054
692 1.0 0.9776833156216791
693 1.0 0.9821466524973432
694 1.0 0.9872476089266737
695 1.0 0.9838469713071201
696 1.0 0.9863974495217853
697 1.0 0.9929861849096706
698 1.0 0.9908607863974496
699 1.0 0.9870350690754517
700 1.0 0.9895855472901169
701 1.0 0.9840595111583422
702 1.0 0.9859723698193411
703 1.0 0.9906482465462274
704 1.0 0.9861849096705633
705 1.0 0.9895855472901169
706 1.0 0.9706695005313496
707 1.0 0.9893730074388948
708 1.0 0.983634431455898
709 1.0 0.9923485653560042
710 1.0 0.9863974495217853
711 1.0 0.9874601487778959
712 1.0 0.9902231668437832
713 0.9997874149659864 0.9895855472901169
714 1.0 0.9914984059511158
715 1.0 0.9934112646121148
716 1.0 0.9921360255047822
717 1.0 0.9912858660998938
718 1.0 0.9887353878852285
719 1.0 0.9851222104144527
720 0.9997874149659864 0.9936238044633369
721 1.0 0.9874601487778959
722 1.0 0.9929861849096706
723 1.0 0.983634431455898
724 1.0 0.9691817215727949
725 1.0 0.975557917109458
726 0.9995748299319728 0.9706695005313496
727 1.0 0.9672688629117959
728 0.9997874149659864 0.9687566418703507
729 0.9997874149659864 0.9691817215727949
730 0.9997874149659864 0.9445270988310308
731 1.0 0.9761955366631243
732 1.0 0.9621679064824654
733 1.0 0.9787460148777896
734 1.0 0.9906482465462274
735 1.0 0.9887353878852285
736 0.9997874149659864 0.9770456960680127
737 0.9997874149659864 0.979596174282678
738 0.9997874149659864 0.9802337938363443
739 1.0 0.973645058448459
740 1.0 0.9827842720510096
741 1.0 0.9880977683315622
742 1.0 0.9908607863974496
743 1.0 0.9732199787460148
744 1.0 0.9829968119022316
745 1.0 0.9781083953241233
746 1.0 0.9914984059511158
747 1.0 0.9885228480340064
748 1.0 0.9859723698193411
749 0.9997874149659864 0.9904357066950054
750 1.0 0.9874601487778959
751 1.0 0.9744952178533475
752 1.0 0.9861849096705633
753 0.9997874149659864 0.9804463336875664
754 1.0 0.9800212539851222
755 1.0 0.9821466524973432
756 1.0 0.9925611052072264
757 1.0 0.9861849096705633
758 0.9991496598639455 0.9759829968119023
759 0.9997874149659864 0.9823591923485654
760 1.0 0.9904357066950054
761 1.0 0.9823591923485654
762 1.0 0.9880977683315622
763 1.0 0.9832093517534538
764 1.0 0.9891604675876727
765 1.0 0.9900106269925611
766 1.0 0.9902231668437832
767 1.0 0.9961742826780021
768 1.0 0.9957492029755579
769 1.0 0.9942614240170032
770 1.0 0.9923485653560042
771 1.0 0.9912858660998938
772 1.0 0.9959617428267801
773 1.0 0.9946865037194474
774 1.0 0.9910733262486716
775 1.0 0.99192348565356
776 1.0 0.9923485653560042
777 1.0 0.9957492029755579
778 1.0 0.993836344314559
779 1.0 0.9868225292242295
780 1.0 0.9893730074388948
781 1.0 0.9931987247608927
782 1.0 0.991710945802338
783 1.0 0.9880977683315622
784 1.0 0.9944739638682253
785 1.0 0.9844845908607864
786 1.0 0.9951115834218917
787 1.0 0.9855472901168969
788 1.0 0.9963868225292243
789 0.9997874149659864 0.9802337938363443
790 1.0 0.9889479277364506
791 1.0 0.9914984059511158
792 1.0 0.99192348565356
793 1.0 0.9900106269925611
794 1.0 0.9934112646121148
795 1.0 0.9889479277364506
796 0.9997874149659864 0.9840595111583422
797 1.0 0.9900106269925611
798 0.9997874149659864 0.9844845908607864
799 1.0 0.9823591923485654
800 1.0 0.9857598299681191
801 1.0 0.9925611052072264
802 1.0 0.99192348565356
803 1.0 0.9963868225292243
804 1.0 0.9959617428267801
805 1.0 0.9946865037194474
806 1.0 0.9968119022316685
807 1.0 0.9959617428267801
808 1.0 0.9900106269925611
809 1.0 0.9972369819341127
810 0.9997874149659864 0.9944739638682253
811 1.0 0.989798087141339
812 1.0 0.9921360255047822
813 1.0 0.9912858660998938
814 1.0 0.9908607863974496
815 1.0 0.9863974495217853
816 0.9997874149659864 0.9834218916046759
817 1.0 0.987672688629118
818 0.9997874149659864 0.9774707757704569
819 1.0 0.9908607863974496
820 1.0 0.9904357066950054
821 0.9997874149659864 0.9955366631243359
822 1.0 0.9902231668437832
823 1.0 0.99192348565356
824 1.0 0.9904357066950054
825 1.0 0.9929861849096706
826 1.0 0.9887353878852285
827 1.0 0.9953241232731137
828 1.0 0.9900106269925611
829 1.0 0.9849096705632306
830 1.0 0.9778958554729011
831 1.0 0.9878852284803401
832 1.0 0.9946865037194474
833 1.0 0.9953241232731137
834 1.0 0.9953241232731137
835 0.9997874149659864 0.9834218916046759
836 0.9997874149659864 0.9906482465462274
837 1.0 0.991710945802338
838 1.0 0.9948990435706695
839 1.0 0.987672688629118
840 1.0 0.9927736450584485
841 1.0 0.9878852284803401
842 1.0 0.9906482465462274
843 0.9997874149659864 0.9912858660998938
844 1.0 0.9959617428267801
845 1.0 0.9968119022316685
846 1.0 0.9946865037194474
847 1.0 0.9980871413390011
848 1.0 0.9972369819341127
849 1.0 0.9948990435706695
850 1.0 0.997874601487779
851 1.0 0.9989373007438895
852 1.0 0.9970244420828905
853 1.0 0.9976620616365569
854 1.0 0.9980871413390011
855 1.0 0.9953241232731137
856 1.0 0.9927736450584485
857 1.0 0.9931987247608927
858 1.0 0.9965993623804463
859 1.0 0.9921360255047822
860 1.0 0.9910733262486716
861 1.0 0.9972369819341127
862 1.0 0.9965993623804463
863 1.0 0.9951115834218917
864 1.0 0.9961742826780021
865 1.0 0.9951115834218917
866 1.0 0.9982996811902232
867 1.0 0.9965993623804463
868 1.0 0.9955366631243359
869 1.0 0.9921360255047822
870 1.0 0.9968119022316685
871 1.0 0.9953241232731137
872 1.0 0.9934112646121148
873 0.9997874149659864 0.9908607863974496
874 0.9997874149659864 0.9827842720510096
875 1.0 0.9902231668437832
876 1.0 0.9959617428267801
877 1.0 0.9925611052072264
878 1.0 0.9970244420828905
879 0.9997874149659864 0.9874601487778959
880 1.0 0.9970244420828905
881 1.0 0.9927736450584485
882 1.0 0.9925611052072264
883 1.0 0.9951115834218917
884 1.0 0.9921360255047822
885 0.9997874149659864 0.993836344314559
886 1.0 0.9980871413390011
887 1.0 0.9951115834218917
888 0.9997874149659864 0.9872476089266737
889 1.0 0.9968119022316685
890 1.0 0.9859723698193411
891 1.0 0.9955366631243359
892 0.9993622448979592 0.9855472901168969
893 0.9995748299319728 0.9823591923485654
894 1.0 0.9902231668437832
895 1.0 0.9976620616365569
896 1.0 0.9946865037194474
897 0.9997874149659864 0.9906482465462274
898 1.0 0.9781083953241233
899 1.0 0.9940488841657811
900 1.0 0.9957492029755579
901 1.0 0.9968119022316685
902 1.0 0.9968119022316685
903 1.0 0.9993623804463337
904 1.0 0.9942614240170032
905 1.0 0.9955366631243359
906 0.9997874149659864 0.9914984059511158
907 1.0 0.997874601487779
908 0.9993622448979592 0.9948990435706695
909 1.0 0.9972369819341127
910 1.0 0.9970244420828905
911 0.9997874149659864 0.9961742826780021
912 1.0 0.9944739638682253
913 0.9997874149659864 0.9948990435706695
914 1.0 0.9940488841657811
915 0.9997874149659864 0.9927736450584485
916 1.0 0.9925611052072264
917 1.0 0.9957492029755579
918 1.0 0.9925611052072264
919 1.0 0.9874601487778959
920 1.0 0.9951115834218917
921 1.0 0.9974495217853347
922 0.9997874149659864 0.9887353878852285
923 0.9995748299319728 0.9908607863974496
924 0.9991496598639455 0.973432518597237
925 1.0 0.9885228480340064
926 1.0 0.9957492029755579
927 1.0 0.9955366631243359
928 1.0 0.9959617428267801
929 1.0 0.9931987247608927
930 1.0 0.9976620616365569
931 1.0 0.997874601487779
932 0.9997874149659864 0.9968119022316685
933 1.0 0.993836344314559
934 0.9997874149659864 0.9902231668437832
935 1.0 0.9976620616365569
936 1.0 0.997874601487779
937 1.0 0.9957492029755579
938 1.0 0.9970244420828905
939 1.0 0.9927736450584485
940 1.0 0.9961742826780021
941 1.0 0.9965993623804463
942 1.0 0.9963868225292243
943 1.0 0.9985122210414453
944 1.0 0.997874601487779
945 1.0 0.9980871413390011
946 1.0 0.9976620616365569
947 1.0 0.9985122210414453
948 1.0 0.9982996811902232
949 1.0 0.9963868225292243
950 1.0 0.9963868225292243
951 1.0 0.9982996811902232
952 1.0 0.997874601487779
953 1.0 0.9965993623804463
954 1.0 0.9976620616365569
955 1.0 0.9976620616365569
956 1.0 0.9959617428267801
957 1.0 0.9982996811902232
958 1.0 0.9976620616365569
959 1.0 0.9989373007438895
960 1.0 0.9927736450584485
961 1.0 0.9965993623804463
962 1.0 0.9955366631243359
963 1.0 0.99192348565356
964 1.0 0.9946865037194474
965 1.0 0.989798087141339
966 1.0 0.9968119022316685
967 1.0 0.9976620616365569
968 1.0 0.9976620616365569
969 1.0 0.9963868225292243
970 1.0 0.9991498405951116
971 1.0 0.9959617428267801
972 1.0 0.993836344314559
973 0.9997874149659864 0.9912858660998938
974 0.9997874149659864 0.9982996811902232
975 1.0 0.9961742826780021
976 1.0 0.9982996811902232
977 1.0 0.9970244420828905
978 1.0 0.9968119022316685
979 1.0 0.9963868225292243
980 1.0 0.9976620616365569
981 1.0 0.9955366631243359
982 1.0 0.9991498405951116
983 1.0 0.9948990435706695
984 1.0 0.9944739638682253
985 0.9993622448979592 0.9959617428267801
986 1.0 0.9944739638682253
987 1.0 0.9955366631243359
988 1.0 0.9946865037194474
989 0.9995748299319728 0.9914984059511158
990 0.9997874149659864 0.9959617428267801
991 1.0 0.9904357066950054
992 1.0 0.9974495217853347
993 1.0 0.9972369819341127
994 1.0 0.9955366631243359
995 1.0 0.9985122210414453
996 1.0 0.9974495217853347
997 1.0 0.9965993623804463
998 1.0 0.9980871413390011
999 1.0 0.9968119022316685
1000 1.0 0.9974495217853347
1001 1.0 0.9985122210414453
1002 1.0 0.9985122210414453
1003 1.0 0.9991498405951116
1004 1.0 0.9987247608926674
1005 1.0 0.9989373007438895
1006 1.0 0.9987247608926674
1007 1.0 0.9989373007438895
1008 1.0 0.9993623804463337
1009 1.0 0.9995749202975558
1010 1.0 0.999787460148778
1011 1.0 1.0
1012 1.0 0.9995749202975558
1013 1.0 0.9991498405951116
1014 1.0 1.0
1015 1.0 0.9974495217853347
1016 1.0 0.9974495217853347
1017 1.0 0.9970244420828905
1018 1.0 0.9980871413390011
1019 1.0 0.9963868225292243
1020 1.0 0.9972369819341127
1021 1.0 0.9968119022316685
1022 1.0 0.9987247608926674
1023 1.0 0.9980871413390011
1024 1.0 0.9989373007438895
1025 1.0 0.9989373007438895
1026 1.0 0.9987247608926674
1027 1.0 0.9953241232731137
1028 1.0 0.9991498405951116
1029 1.0 0.9959617428267801
1030 0.9997874149659864 0.9976620616365569
1031 0.9993622448979592 0.9921360255047822
1032 1.0 0.9961742826780021
1033 0.9997874149659864 0.9948990435706695
1034 0.9991496598639455 0.9834218916046759
1035 0.9997874149659864 0.9931987247608927
1036 0.9995748299319728 0.9840595111583422
1037 0.9997874149659864 0.9929861849096706
1038 0.9997874149659864 0.9893730074388948
1039 1.0 0.9974495217853347
1040 1.0 0.9963868225292243
1041 1.0 0.9931987247608927
1042 1.0 0.9976620616365569
1043 1.0 0.9970244420828905
1044 1.0 0.9985122210414453
1045 1.0 0.9987247608926674
1046 1.0 0.9980871413390011
1047 1.0 0.9961742826780021
1048 1.0 0.9976620616365569
1049 1.0 0.9987247608926674
1050 1.0 0.9989373007438895
1051 1.0 0.9993623804463337
1052 1.0 0.9993623804463337
1053 1.0 0.9991498405951116
1054 1.0 0.9985122210414453
1055 1.0 0.9987247608926674
1056 1.0 0.9985122210414453
1057 1.0 0.997874601487779
1058 1.0 0.9989373007438895
1059 1.0 0.9989373007438895
1060 1.0 0.9974495217853347
1061 1.0 0.9974495217853347
1062 1.0 0.9989373007438895
1063 1.0 0.9989373007438895
1064 1.0 0.9991498405951116
1065 1.0 0.9982996811902232
1066 1.0 0.9985122210414453
1067 1.0 0.9989373007438895
1068 1.0 0.9980871413390011
1069 1.0 0.9987247608926674
1070 1.0 0.9980871413390011
1071 1.0 0.9987247608926674
1072 1.0 0.9963868225292243
1073 1.0 0.9961742826780021
1074 1.0 0.9972369819341127
1075 0.9997874149659864 0.9976620616365569
1076 0.9997874149659864 0.9968119022316685
1077 1.0 0.9948990435706695
1078 0.9997874149659864 0.997874601487779
1079 1.0 0.9955366631243359
1080 0.9997874149659864 0.991710945802338
1081 0.9997874149659864 0.9985122210414453
1082 1.0 0.9961742826780021
1083 0.9997874149659864 0.9957492029755579
1084 1.0 0.9959617428267801
1085 1.0 0.9955366631243359
1086 1.0 0.9965993623804463
1087 1.0 0.9959617428267801
1088 1.0 0.9991498405951116
1089 1.0 0.9829968119022316
1090 1.0 0.9970244420828905
1091 1.0 0.997874601487779
1092 1.0 0.9985122210414453
1093 0.9995748299319728 0.9923485653560042
1094 1.0 0.9934112646121148
1095 1.0 0.9948990435706695
1096 1.0 0.9963868225292243
1097 1.0 0.9980871413390011
1098 0.9995748299319728 0.9957492029755579
1099 1.0 0.9961742826780021
1100 0.9993622448979592 0.9906482465462274
1101 1.0 0.9970244420828905
1102 0.9993622448979592 0.9861849096705633
1103 1.0 0.9976620616365569
1104 0.9997874149659864 0.9946865037194474
1105 1.0 0.9970244420828905
1106 1.0 0.9989373007438895
1107 1.0 0.999787460148778
1108 1.0 0.9989373007438895
1109 1.0 0.9993623804463337
1110 1.0 0.9987247608926674
1111 1.0 0.9995749202975558
1112 1.0 0.9991498405951116
1113 1.0 0.9976620616365569
1114 1.0 1.0
1115 1.0 0.9993623804463337
1116 1.0 0.999787460148778
1117 1.0 0.9995749202975558
1118 1.0 0.9982996811902232
1119 1.0 0.999787460148778
1120 1.0 0.999787460148778
1121 1.0 0.999787460148778
1122 1.0 1.0
1123 1.0 1.0
1124 1.0 1.0
1125 1.0 1.0
1126 1.0 0.9995749202975558
1127 1.0 1.0
1128 1.0 0.9991498405951116
1129 1.0 0.9993623804463337
1130 1.0 1.0
1131 1.0 1.0
1132 1.0 0.997874601487779
1133 1.0 0.999787460148778
1134 1.0 0.9985122210414453
1135 1.0 0.9993623804463337
1136 1.0 0.9980871413390011
1137 1.0 0.999787460148778
1138 1.0 0.9974495217853347
1139 1.0 0.9989373007438895
1140 1.0 0.999787460148778
1141 1.0 0.999787460148778
1142 1.0 0.9993623804463337
1143 1.0 0.999787460148778
1144 1.0 0.9995749202975558
1145 1.0 0.9987247608926674
1146 1.0 0.9995749202975558
1147 1.0 0.999787460148778
1148 1.0 0.999787460148778
1149 1.0 1.0
1150 1.0 1.0
1151 1.0 1.0
1152 1.0 1.0
1153 1.0 0.999787460148778
1154 1.0 0.999787460148778
1155 1.0 0.9995749202975558
1156 1.0 0.9989373007438895
1157 1.0 0.9995749202975558
1158 1.0 0.9991498405951116
1159 1.0 0.9995749202975558
1160 1.0 0.997874601487779
1161 1.0 0.9989373007438895
1162 1.0 0.9991498405951116
1163 1.0 0.9985122210414453
1164 1.0 0.9982996811902232
1165 1.0 0.9993623804463337
1166 1.0 0.9991498405951116
1167 1.0 0.9991498405951116
1168 1.0 0.9961742826780021
1169 0.9997874149659864 0.997874601487779
1170 1.0 0.9991498405951116
1171 0.9993622448979592 0.9929861849096706
1172 0.998937074829932 0.9829968119022316
1173 0.9993622448979592 0.9940488841657811
1174 0.998937074829932 0.983634431455898
1175 1.0 0.9972369819341127
1176 1.0 0.9955366631243359
1177 0.9997874149659864 0.9942614240170032
1178 1.0 0.9980871413390011
1179 0.9997874149659864 0.9976620616365569
1180 1.0 0.9987247608926674
1181 1.0 0.9982996811902232
1182 1.0 0.9976620616365569
1183 1.0 0.9989373007438895
1184 1.0 0.9991498405951116
1185 1.0 0.9985122210414453
1186 1.0 0.9993623804463337
1187 1.0 0.9993623804463337
1188 1.0 0.9991498405951116
1189 1.0 0.9993623804463337
1190 1.0 0.9980871413390011
1191 1.0 0.9989373007438895
1192 1.0 0.9993623804463337
1193 1.0 0.9987247608926674
1194 1.0 0.9989373007438895
1195 1.0 0.9985122210414453
1196 1.0 0.9995749202975558
1197 1.0 0.9991498405951116
1198 1.0 0.9985122210414453
1199 1.0 0.9995749202975558
1200 1.0 0.9991498405951116
1201 1.0 0.9963868225292243
1202 1.0 0.9987247608926674
1203 1.0 0.9995749202975558
1204 1.0 0.9995749202975558
1205 1.0 0.9995749202975558
1206 1.0 0.999787460148778
1207 1.0 1.0
1208 1.0 0.9989373007438895
1209 1.0 0.9995749202975558
1210 1.0 0.999787460148778
1211 1.0 0.9995749202975558
1212 1.0 0.9987247608926674
1213 1.0 0.9989373007438895
1214 1.0 0.9993623804463337
1215 1.0 0.9985122210414453
1216 1.0 0.999787460148778
1217 1.0 1.0
1218 1.0 0.999787460148778
1219 1.0 1.0
1220 1.0 0.997874601487779
1221 1.0 0.9993623804463337
1222 1.0 0.999787460148778
1223 1.0 1.0
1224 1.0 0.9995749202975558
1225 1.0 0.9995749202975558
1226 1.0 0.9995749202975558
1227 1.0 0.9989373007438895
1228 1.0 0.9980871413390011
1229 1.0 0.9976620616365569
1230 1.0 1.0
1231 1.0 0.9995749202975558
1232 1.0 0.9993623804463337
1233 1.0 0.9987247608926674
1234 1.0 0.9995749202975558
1235 1.0 0.999787460148778
1236 0.9997874149659864 0.9991498405951116
1237 0.9997874149659864 0.9993623804463337
1238 1.0 0.9985122210414453
1239 1.0 0.9989373007438895
1240 1.0 0.9965993623804463
1241 1.0 0.999787460148778
1242 1.0 0.9993623804463337
1243 1.0 0.9995749202975558
1244 0.9993622448979592 0.9968119022316685
1245 1.0 0.9972369819341127
1246 0.9997874149659864 0.9974495217853347
1247 1.0 0.9982996811902232
1248 1.0 0.9923485653560042
1249 1.0 0.9963868225292243
1250 1.0 0.9955366631243359
1251 1.0 0.9980871413390011
1252 0.9995748299319728 0.9948990435706695
1253 1.0 0.9991498405951116
1254 1.0 0.9982996811902232
1255 1.0 0.997874601487779
1256 1.0 0.9985122210414453
1257 1.0 0.9974495217853347
1258 1.0 0.9980871413390011
1259 1.0 0.9987247608926674
1260 1.0 0.9993623804463337
1261 1.0 0.9995749202975558
1262 1.0 0.999787460148778
1263 1.0 0.9989373007438895
1264 1.0 0.9985122210414453
1265 1.0 0.9991498405951116
1266 1.0 0.9991498405951116
1267 1.0 0.9995749202975558
1268 1.0 0.9993623804463337
1269 1.0 0.9995749202975558
1270 1.0 0.9993623804463337
1271 1.0 0.9995749202975558
1272 1.0 0.999787460148778
1273 1.0 1.0
1274 1.0 1.0
1275 0.9995748299319728 0.9957492029755579
1276 1.0 0.9993623804463337
1277 1.0 0.9995749202975558
1278 1.0 0.9993623804463337
1279 1.0 0.9993623804463337
1280 1.0 0.9970244420828905
1281 0.9997874149659864 0.9900106269925611
1282 0.9997874149659864 0.9940488841657811
1283 1.0 0.9946865037194474
1284 0.9997874149659864 0.9970244420828905
1285 1.0 0.9944739638682253
1286 1.0 0.9968119022316685
1287 1.0 0.9980871413390011
1288 1.0 0.9972369819341127
1289 1.0 0.9987247608926674
1290 0.9991496598639455 0.9927736450584485
1291 1.0 0.9961742826780021
1292 1.0 0.9972369819341127
1293 0.9997874149659864 0.9953241232731137
1294 1.0 0.997874601487779
1295 1.0 0.9908607863974496
1296 1.0 0.9980871413390011
1297 1.0 0.9985122210414453
1298 1.0 0.9985122210414453
1299 1.0 0.9985122210414453
1300 1.0 0.9976620616365569
1301 1.0 0.9972369819341127
1302 1.0 0.9993623804463337
1303 1.0 0.9989373007438895
1304 1.0 0.9980871413390011
1305 1.0 0.9993623804463337
1306 1.0 0.9989373007438895
1307 1.0 0.9991498405951116
1308 1.0 0.999787460148778
1309 1.0 0.9961742826780021
1310 1.0 0.9995749202975558
1311 1.0 0.9995749202975558
1312 1.0 0.999787460148778
1313 1.0 0.9972369819341127
1314 1.0 0.9927736450584485
1315 1.0 0.9987247608926674
1316 1.0 0.9970244420828905
1317 1.0 0.9989373007438895
1318 1.0 0.9991498405951116
1319 1.0 0.9989373007438895
1320 1.0 0.9987247608926674
1321 1.0 0.9980871413390011
1322 1.0 0.9985122210414453
1323 1.0 0.997874601487779
1324 1.0 0.9968119022316685
1325 1.0 0.9987247608926674
1326 0.9997874149659864 0.9974495217853347
1327 1.0 0.997874601487779
1328 1.0 0.9991498405951116
1329 1.0 0.999787460148778
1330 1.0 0.9985122210414453
1331 1.0 0.9989373007438895
1332 1.0 0.9982996811902232
1333 1.0 0.9976620616365569
1334 1.0 0.9972369819341127
1335 1.0 0.9987247608926674
1336 1.0 0.9989373007438895
1337 1.0 0.9989373007438895
1338 1.0 0.9993623804463337
1339 1.0 1.0
1340 1.0 0.9993623804463337
1341 0.9997874149659864 0.9991498405951116
1342 1.0 0.9972369819341127
1343 1.0 0.9995749202975558
1344 1.0 0.9972369819341127
1345 1.0 0.9974495217853347
1346 0.9997874149659864 0.9991498405951116
1347 1.0 0.9993623804463337
1348 1.0 0.9989373007438895
1349 1.0 0.9993623804463337
1350 1.0 0.9980871413390011
1351 1.0 0.9985122210414453
1352 1.0 0.9970244420828905
1353 1.0 0.9995749202975558
1354 1.0 0.9993623804463337
1355 1.0 0.999787460148778
1356 1.0 0.9982996811902232
1357 1.0 0.9980871413390011
1358 1.0 0.9993623804463337
1359 1.0 0.9991498405951116
1360 1.0 1.0
1361 1.0 0.999787460148778
1362 0.9997874149659864 0.9989373007438895
1363 1.0 0.9995749202975558
1364 1.0 0.9989373007438895
1365 1.0 0.9995749202975558
1366 0.9997874149659864 0.9970244420828905
1367 0.9997874149659864 0.9987247608926674
1368 0.9997874149659864 0.9936238044633369
1369 1.0 0.9991498405951116
1370 1.0 0.9987247608926674
1371 1.0 0.999787460148778
1372 1.0 0.9995749202975558
1373 1.0 0.9995749202975558
1374 1.0 1.0
1375 1.0 0.9995749202975558
1376 1.0 0.999787460148778
1377 1.0 0.999787460148778
1378 1.0 0.9987247608926674
1379 0.9997874149659864 0.9991498405951116
1380 0.9997874149659864 0.9985122210414453
1381 1.0 0.9993623804463337
1382 1.0 0.9993623804463337
1383 1.0 0.9991498405951116
1384 1.0 0.9995749202975558
1385 1.0 0.9989373007438895
1386 1.0 0.9985122210414453
1387 0.9997874149659864 0.9982996811902232
1388 1.0 0.9970244420828905
1389 0.9997874149659864 0.997874601487779
1390 1.0 0.9961742826780021
1391 1.0 0.9982996811902232
1392 0.9997874149659864 0.9985122210414453
1393 1.0 0.9974495217853347
1394 1.0 0.9995749202975558
1395 0.9991496598639455 0.9955366631243359
1396 0.9997874149659864 0.9976620616365569
1397 1.0 0.9976620616365569
1398 1.0 0.9991498405951116
1399 1.0 0.9995749202975558
1400 1.0 0.9989373007438895
1401 1.0 0.9991498405951116
1402 1.0 0.9987247608926674
1403 1.0 0.9991498405951116
1404 1.0 0.9991498405951116
1405 1.0 0.9991498405951116
1406 1.0 0.9989373007438895
1407 1.0 0.9955366631243359
1408 1.0 0.997874601487779
1409 1.0 0.9934112646121148
1410 0.9997874149659864 0.9976620616365569
1411 1.0 0.9993623804463337
1412 1.0 0.9970244420828905
1413 1.0 0.9993623804463337
1414 1.0 0.9995749202975558
1415 1.0 0.9985122210414453
1416 1.0 0.9987247608926674
1417 1.0 0.9991498405951116
1418 1.0 0.9982996811902232
1419 1.0 0.9987247608926674
1420 1.0 0.9991498405951116
1421 1.0 0.9991498405951116
1422 1.0 0.9995749202975558
1423 0.9995748299319728 0.9982996811902232
1424 1.0 0.9965993623804463
1425 1.0 0.9980871413390011
1426 1.0 0.997874601487779
1427 1.0 0.9991498405951116
1428 0.9997874149659864 0.9968119022316685
1429 1.0 0.9989373007438895
1430 1.0 0.9991498405951116
1431 1.0 0.9970244420828905
1432 1.0 0.9968119022316685
1433 1.0 0.9980871413390011
1434 1.0 0.9946865037194474
1435 1.0 0.9989373007438895
1436 0.9997874149659864 0.9985122210414453
1437 1.0 0.999787460148778
1438 1.0 0.9995749202975558
1439 1.0 0.9993623804463337
1440 1.0 1.0
1441 1.0 0.9991498405951116
1442 1.0 0.9985122210414453
1443 1.0 0.9976620616365569
1444 1.0 0.9995749202975558
1445 1.0 0.999787460148778
1446 1.0 1.0
1447 1.0 0.9993623804463337
1448 1.0 1.0
1449 1.0 1.0
1450 1.0 1.0
1451 1.0 1.0
1452 1.0 0.9991498405951116
1453 1.0 0.9989373007438895
1454 1.0 0.9989373007438895
1455 1.0 0.999787460148778
1456 1.0 0.9995749202975558
1457 1.0 0.9993623804463337
1458 1.0 0.9993623804463337
1459 1.0 0.9989373007438895
1460 1.0 0.9993623804463337
1461 1.0 0.9993623804463337
1462 1.0 0.9976620616365569
1463 1.0 0.9985122210414453
1464 1.0 0.9974495217853347
1465 1.0 0.9980871413390011
1466 1.0 0.9985122210414453
1467 1.0 0.9985122210414453
1468 1.0 0.9989373007438895
1469 1.0 0.9995749202975558
1470 1.0 0.9993623804463337
1471 1.0 0.9993623804463337
1472 1.0 0.9995749202975558
1473 1.0 0.9991498405951116
1474 1.0 0.9995749202975558
1475 1.0 0.9995749202975558
1476 1.0 0.9995749202975558
1477 1.0 0.9995749202975558
1478 1.0 1.0
1479 1.0 0.9993623804463337
1480 1.0 0.9993623804463337
1481 1.0 0.9991498405951116
1482 1.0 0.9991498405951116
1483 1.0 0.9993623804463337
1484 1.0 0.999787460148778
1485 1.0 1.0
1486 1.0 1.0
1487 1.0 0.9968119022316685
1488 1.0 0.9993623804463337
1489 1.0 0.9985122210414453
1490 1.0 0.9991498405951116
1491 1.0 0.9989373007438895
1492 1.0 0.9987247608926674
1493 0.9995748299319728 0.9970244420828905
1494 1.0 0.9942614240170032
1495 1.0 0.9948990435706695
1496 0.9997874149659864 0.991710945802338
1497 1.0 0.9959617428267801
1498 1.0 0.997874601487779
1499 1.0 0.9972369819341127
1500 1.0 0.9980871413390011
1501 1.0 0.9980871413390011
1502 1.0 0.9982996811902232
1503 1.0 0.9987247608926674
1504 1.0 0.9985122210414453
1505 1.0 0.9989373007438895
1506 1.0 0.9993623804463337
1507 1.0 0.9993623804463337
1508 0.9997874149659864 0.9985122210414453
