1 0.011479591836734694 0.00977683315621679
2 0.012755102040816327 0.00871413390010627
3 0.011479591836734694 0.008501594048884165
4 0.010841836734693877 0.010414452709883103
5 0.01211734693877551 0.00871413390010627
6 0.014668367346938776 0.007226354941551541
7 0.012542517006802721 0.009351753453772583
8 0.01211734693877551 0.008501594048884165
9 0.01445578231292517 0.006801275239107333
10 0.015731292517006803 0.005100956429330499
11 0.0116921768707483 0.00871413390010627
12 0.011054421768707483 0.009564293304994687
13 0.011054421768707483 0.009564293304994687
14 0.014243197278911565 0.0061636556854410204
15 0.016581632653061226 0.004250797024442083
16 0.015731292517006803 0.005526036131774708
17 0.01870748299319728 0.003188097768331562
18 0.012542517006802721 0.008289054197662061
19 0.014243197278911565 0.006801275239107333
20 0.01211734693877551 0.008926673751328374
21 0.012967687074829932 0.007438894792773645
22 0.021045918367346938 0.0025504782146652497
23 0.020620748299319726 0.0025504782146652497
24 0.021045918367346938 0.002975557917109458
25 0.020833333333333332 0.0023379383634431457
26 0.02572278911564626 0.0019128586609989374
27 0.02295918367346939 0.0010626992561105207
28 0.023596938775510203 0.0012752391073326248
29 0.022746598639455783 0.0012752391073326248
30 0.0274234693877551 0.0006376195536663124
31 0.029124149659863947 0.00021253985122210415
32 0.025085034013605442 0.0017003188097768332
33 0.025935374149659865 0.0004250797024442083
34 0.026785714285714284 0.0
35 0.025935374149659865 0.0004250797024442083
36 0.025085034013605442 0.0
37 0.029124149659863947 0.0
38 0.02657312925170068 0.0
39 0.027848639455782313 0.0
40 0.02806122448979592 0.00021253985122210415
41 0.030612244897959183 0.0
42 0.02976190476190476 0.00021253985122210415
43 0.030399659863945577 0.0
44 0.03231292517006803 0.0
45 0.029549319727891158 0.0
46 0.03358843537414966 0.0
47 0.031462585034013606 0.0
48 0.032525510204081634 0.00021253985122210415
49 0.03550170068027211 0.0
50 0.03677721088435374 0.00021253985122210415
51 0.036564625850340135 0.0
52 0.036564625850340135 0.0
53 0.04039115646258504 0.0
54 0.04145408163265306 0.0
55 0.03762755102040816 0.0
56 0.04039115646258504 0.0
57 0.04272959183673469 0.0
58 0.03869047619047619 0.0
59 0.042091836734693876 0.0
60 0.04251700680272109 0.0
61 0.04634353741496599 0.0
62 0.04740646258503401 0.0
63 0.05250850340136055 0.0
64 0.04421768707482993 0.00021253985122210415
65 0.04931972789115646 0.0
66 0.05335884353741496 0.0
67 0.058673469387755105 0.0
68 0.05102040816326531 0.0
69 0.0627125850340136 0.0
70 0.05314625850340136 0.0
71 0.055697278911564625 0.0
72 0.05994897959183673 0.0
73 0.05888605442176871 0.0
74 0.057610544217687076 0.0
75 0.07185374149659864 0.0
76 0.06802721088435375 0.0
77 0.06802721088435375 0.0
78 0.06505102040816327 0.0
79 0.06568877551020408 0.0
80 0.07504251700680271 0.0
81 0.07142857142857142 0.0
82 0.07568027210884354 0.0
83 0.0824829931972789 0.0
84 0.08630952380952381 0.0
85 0.0737670068027211 0.0
86 0.07929421768707483 0.0
87 0.08758503401360544 0.0
88 0.08843537414965986 0.0
89 0.09077380952380952 0.0
90 0.09013605442176871 0.0
91 0.09693877551020408 0.0
92 0.09927721088435375 0.0
93 0.09098639455782313 0.0
94 0.1054421768707483 0.0
95 0.10055272108843537 0.0
96 0.09800170068027211 0.0
97 0.10671768707482993 0.0
98 0.08949829931972789 0.0
99 0.0977891156462585 0.0
100 0.1092687074829932 0.0
101 0.11181972789115646 0.0
102 0.11267006802721088 0.0
103 0.13626700680272108 0.0
104 0.11585884353741496 0.0
105 0.12946428571428573 0.0
106 0.13690476190476192 0.0
107 0.12670068027210885 0.0
108 0.1337159863945578 0.0
109 0.1256377551020408 0.0
110 0.13562925170068027 0.0
111 0.1286139455782313 0.0
112 0.1407312925170068 0.0
113 0.12670068027210885 0.0
114 0.1407312925170068 0.0
115 0.1405187074829932 0.0
116 0.14562074829931973 0.0
117 0.15051020408163265 0.0
118 0.15795068027210885 0.0
119 0.17006802721088435 0.0
120 0.141156462585034 0.0
121 0.15348639455782312 0.0
122 0.17006802721088435 0.0
123 0.1679421768707483 0.0
124 0.16985544217687074 0.0
125 0.18261054421768708 0.0
126 0.17772108843537415 0.0
127 0.16198979591836735 0.0
128 0.17899659863945577 0.0
129 0.18558673469387754 0.0
130 0.202593537414966 0.0
131 0.18856292517006804 0.0
132 0.2110969387755102 0.0
133 0.19876700680272108 0.0
134 0.20386904761904762 0.0
135 0.1911139455782313 0.0
136 0.19791666666666666 0.0
137 0.20089285714285715 0.0
138 0.2032312925170068 0.0
139 0.21726190476190477 0.0
140 0.21598639455782312 0.0
141 0.22959183673469388 0.0
142 0.25212585034013607 0.0
143 0.2227891156462585 0.0
144 0.25191326530612246 0.0
145 0.24872448979591838 0.0
146 0.2614795918367347 0.0
147 0.2230017006802721 0.0
148 0.2769982993197279 0.0
149 0.24851190476190477 0.0
150 0.2706207482993197 0.0
151 0.2638180272108844 0.0
152 0.28295068027210885 0.0
153 0.28295068027210885 0.0
154 0.29528061224489793 0.0
155 0.3218537414965986 0.0
156 0.3112244897959184 0.0
157 0.3163265306122449 0.0
158 0.3358843537414966 0.0
159 0.3284438775510204 0.0
160 0.36267006802721086 0.0
161 0.34672619047619047 0.0
162 0.3671343537414966 0.0
163 0.35799319727891155 0.0
164 0.36096938775510207 0.0
165 0.39179421768707484 0.0
166 0.398171768707483 0.0
167 0.3983843537414966 0.0
168 0.4432397959183674 0.0
169 0.428358843537415 0.0
170 0.44153911564625853 0.0
171 0.45556972789115646 0.00021253985122210415
172 0.444515306122449 0.0
173 0.44494047619047616 0.0
174 0.4330357142857143 0.0
175 0.46577380952380953 0.0
176 0.5042517006802721 0.0
177 0.5157312925170068 0.0
178 0.5014880952380952 0.0
179 0.5163690476190477 0.0
180 0.5308248299319728 0.0
181 0.5491071428571429 0.0
182 0.49851190476190477 0.0
183 0.5450680272108843 0.0
184 0.5499574829931972 0.0
185 0.5867346938775511 0.0
186 0.5914115646258503 0.0
187 0.5967261904761905 0.0
188 0.595875850340136 0.0
189 0.6169217687074829 0.00021253985122210415
190 0.6141581632653061 0.0
191 0.6409438775510204 0.0
192 0.6386054421768708 0.0
193 0.6258503401360545 0.0004250797024442083
194 0.6524234693877551 0.00021253985122210415
195 0.6670918367346939 0.0
196 0.6834608843537415 0.0
197 0.7011054421768708 0.00021253985122210415
198 0.7115221088435374 0.0
199 0.6981292517006803 0.0006376195536663124
200 0.7312925170068028 0.00021253985122210415
201 0.7285289115646258 0.00021253985122210415
202 0.7310799319727891 0.0006376195536663124
203 0.7385204081632653 0.0006376195536663124
204 0.7561649659863946 0.0006376195536663124
205 0.7642431972789115 0.0010626992561105207
206 0.7687074829931972 0.00021253985122210415
207 0.7797619047619048 0.0006376195536663124
208 0.8161139455782312 0.0008501594048884166
209 0.8205782312925171 0.001487778958554729
210 0.8184523809523809 0.0010626992561105207
211 0.8252551020408163 0.001487778958554729
212 0.8456632653061225 0.0017003188097768332
213 0.8463010204081632 0.0019128586609989374
214 0.8535289115646258 0.0010626992561105207
215 0.8490646258503401 0.0023379383634431457
216 0.8805272108843537 0.0017003188097768332
217 0.8618197278911565 0.0021253985122210413
218 0.8818027210884354 0.0019128586609989374
219 0.8866921768707483 0.0017003188097768332
220 0.8951955782312925 0.0019128586609989374
221 0.8964710884353742 0.0038257173219978747
222 0.8979591836734694 0.005738575982996812
223 0.8971088435374149 0.002975557917109458
224 0.9000850340136054 0.006376195536663124
225 0.9179421768707483 0.005313496280552604
226 0.9119897959183674 0.004888416578108395
227 0.9400510204081632 0.0061636556854410204
228 0.9370748299319728 0.007438894792773645
229 0.9400510204081632 0.008501594048884165
230 0.9487670068027211 0.009351753453772583
231 0.9445153061224489 0.006376195536663124
232 0.9498299319727891 0.008926673751328374
233 0.9491921768707483 0.009351753453772583
234 0.9668367346938775 0.010839532412327312
235 0.96875 0.01381509032943677
236 0.9770408163265306 0.010201912858660999
237 0.98171768707483 0.014665249734325186
238 0.9772534013605442 0.015090329436769395
239 0.98171768707483 0.01700318809776833
240 0.9768282312925171 0.01636556854410202
241 0.9851190476190477 0.01934112646121148
242 0.9883078231292517 0.020191285866099893
243 0.9853316326530612 0.02401700318809777
244 0.9927721088435374 0.022741764080765142
245 0.9923469387755102 0.024654622741764082
246 0.9910714285714286 0.02720510095642933
247 0.9972363945578231 0.03166843783209352
248 0.9961734693877551 0.03549415515409139
249 0.9987244897959183 0.03379383634431456
250 0.9972363945578231 0.03783209351753454
251 0.9974489795918368 0.042295430393198725
252 0.9993622448979592 0.04867162592986185
253 0.9991496598639455 0.04867162592986185
254 0.9995748299319728 0.05483528161530287
255 0.9997874149659864 0.058235919234856534
256 0.9993622448979592 0.061636556854410204
257 1.0 0.0718384697130712
258 1.0 0.07566418703506908
259 1.0 0.08777895855472902
260 1.0 0.09011689691817215
261 0.9997874149659864 0.09691817215727949
262 1.0 0.09819341126461212
263 1.0 0.11115834218916047
264 1.0 0.1230605738575983
265 1.0 0.12454835281615304
266 1.0 0.13475026567481402
267 1.0 0.1485653560042508
268 1.0 0.1598299681190223
269 1.0 0.16174282678002125
270 1.0 0.16981934112646122
271 1.0 0.1689691817215728
272 1.0 0.1783209351753454
273 1.0 0.19277364505844846
274 1.0 0.19596174282678003
275 1.0 0.20063761955366632
276 1.0 0.20786397449521785
277 1.0 0.21424017003188098
278 1.0 0.2199787460148778
279 1.0 0.2246546227417641
280 1.0 0.2269925611052072
281 1.0 0.23804463336875664
282 1.0 0.24357066950053136
283 1.0 0.24293304994686504
284 1.0 0.2514346439957492
285 1.0 0.25292242295430395
286 1.0 0.25292242295430395
287 1.0 0.2641870350690754
288 1.0 0.2675876726886291
289 1.0 0.2671625929861849
290 1.0 0.2729011689691817
291 1.0 0.2726886291179596
292 1.0 0.27948990435706694
293 1.0 0.2871413390010627
294 1.0 0.2879914984059511
295 1.0 0.29330499468650373
296 1.0 0.29500531349628056
297 1.0 0.3011689691817216
298 1.0 0.29989373007438896
299 1.0 0.30201912858661
300 1.0 0.31200850159404886
301 1.0 0.3100956429330499
302 1.0 0.3151965993623804
303 1.0 0.3181721572794899
304 1.0 0.3241232731137088
305 1.0 0.32178533475026566
306 1.0 0.3332624867162593
307 1.0 0.3343251859723698
308 1.0 0.338788522848034
309 1.0 0.34112646121147716
310 1.0 0.34495217853347504
311 1.0 0.35132837407013817
312 1.0 0.353028692879915
313 1.0 0.35069075451647186
314 1.0 0.357066950053135
315 1.0 0.3594048884165781
316 1.0 0.3615302869287991
317 1.0 0.3655685441020191
318 1.0 0.3691817215727949
319 1.0 0.36854410201912857
320 1.0 0.37130712008501593
321 1.0 0.3736450584484591
322 1.0 0.3802337938363443
323 1.0 0.37683315621679064
324 1.0 0.38788522848034007
325 1.0 0.3895855472901169
326 1.0 0.3893730074388948
327 1.0 0.3944739638682253
328 1.0 0.3982996811902232
329 1.0 0.39723698193411267
330 1.0 0.3997874601487779
331 1.0 0.40042507970244423
332 1.0 0.4063761955366631
333 1.0 0.406163655685441
334 1.0 0.4116896918172157
335 1.0 0.4104144527098831
336 1.0 0.41296493092454833
337 1.0 0.4170031880977683
338 1.0 0.41849096705632305
339 1.0 0.4218916046758767
340 1.0 0.4221041445270988
341 1.0 0.426567481402763
342 1.0 0.4295430393198725
343 1.0 0.4295430393198725
344 1.0 0.4318809776833156
345 1.0 0.4342189160467588
346 1.0 0.434643995749203
347 1.0 0.43825717321997876
348 1.0 0.4361317747077577
349 1.0 0.44272051009564295
350 1.0 0.4450584484590861
351 1.0 0.4486716259298619
352 1.0 0.448884165781084
353 1.0 0.44803400637619556
354 1.0 0.4499468650371945
355 1.0 0.45568544102019126
356 1.0 0.46078639744952177
357 1.0 0.46099893730074387
358 1.0 0.45993623804463335
359 1.0 0.46482465462274175
360 1.0 0.46461211477151965
361 1.0 0.47013815090329436
362 1.0 0.4716259298618491
363 1.0 0.4729011689691817
364 1.0 0.477577045696068
365 1.0 0.4731137088204038
366 1.0 0.4767268862911796
367 1.0 0.47863974495217854
368 1.0 0.4814027630180659
369 1.0 0.48480340063761956
370 1.0 0.48820403825717323
371 1.0 0.48862911795961744
372 1.0 0.49309245483528164
373 1.0 0.491817215727949
374 1.0 0.49394261424017005
375 1.0 0.49798087141339004
376 1.0 0.49840595111583424
377 1.0 0.5003188097768332
378 1.0 0.5037194473963869
379 1.0 0.5039319872476089
380 1.0 0.50605738575983
381 1.0 0.5088204038257174
382 1.0 0.5058448459086079
383 1.0 0.5094580233793836
384 1.0 0.5043570669500531
385 1.0 0.5145589798087141
386 1.0 0.5156216790648247
387 1.0 0.51817215727949
388 1.0 0.5198724760892668
389 1.0 0.5213602550478215
390 1.0 0.5190223166843784
391 1.0 0.5256110520722636
392 1.0 0.5239107332624867
393 1.0 0.5279489904357066
394 1.0 0.5256110520722636
395 1.0 0.5304994686503719
396 1.0 0.5328374070138151
397 1.0 0.5345377258235919
398 1.0 0.5353878852284804
399 1.0 0.5407013815090329
400 1.0 0.5377258235919234
401 1.0 0.5409139213602551
402 1.0 0.5426142401700319
403 1.0 0.5402763018065887
404 1.0 0.5451647183846972
405 1.0 0.5481402763018066
406 1.0 0.5485653560042508
407 1.0 0.5504782146652497
408 1.0 0.5504782146652497
409 1.0 0.5498405951115835
410 1.0 0.554941551540914
411 1.0 0.5547290116896918
412 1.0 0.5585547290116897
413 1.0 0.5585547290116897
414 1.0 0.5596174282678003
415 1.0 0.5625929861849097
416 1.0 0.5621679064824655
417 1.0 0.5664187035069076
418 1.0 0.5676939426142402
419 1.0 0.5693942614240171
420 1.0 0.571519659936238
421 1.0 0.5693942614240171
422 1.0 0.5687566418703507
423 1.0 0.5730074388947928
424 1.0 0.5781083953241233
425 1.0 0.5749202975557917
426 1.0 0.5740701381509032
427 1.0 0.5776833156216791
428 1.0 0.5804463336875664
429 1.0 0.5810839532412327
430 1.0 0.5827842720510096
431 1.0 0.5842720510095643
432 1.0 0.5868225292242295
433 1.0 0.5853347502656748
434 1.0 0.5900106269925611
435 1.0 0.5866099893730075
436 1.0 0.5944739638682253
437 1.0 0.5910733262486716
438 1.0 0.5944739638682253
439 1.0 0.5931987247608926
440 1.0 0.5953241232731137
441 1.0 0.5995749202975558
442 1.0 0.5995749202975558
443 1.0 0.602125398512221
444 1.0 0.6029755579171094
445 1.0 0.6004250797024442
446 1.0 0.5972369819341127
447 1.0 0.6048884165781084
448 1.0 0.6116896918172158
449 1.0 0.6051009564293305
450 1.0 0.6097768331562168
451 1.0 0.6146652497343252
452 1.0 0.6108395324123274
453 1.0 0.61211477151966
454 1.0 0.6176408076514347
455 1.0 0.6163655685441021
456 1.0 0.6199787460148778
457 1.0 0.6195536663124336
458 1.0 0.620403825717322
459 1.0 0.620616365568544
460 1.0 0.6257173219978746
461 1.0 0.6252922422954303
462 1.0 0.6244420828905419
463 1.0 0.6255047821466525
464 1.0 0.6259298618490967
465 1.0 0.6282678002125398
466 1.0 0.6310308182784272
467 1.0 0.6335812964930925
468 1.0 0.6363443145589798
469 1.0 0.6359192348565356
470 1.0 0.6397449521785334
471 1.0 0.6393198724760892
472 1.0 0.6369819341126461
473 1.0 0.6374070138150904
474 1.0 0.6444208289054197
475 1.0 0.6435706695005313
476 1.0 0.6420828905419766
477 1.0 0.6465462274176408
478 1.0 0.6482465462274176
479 1.0 0.6465462274176408
480 1.0 0.6463336875664187
481 1.0 0.6486716259298618
482 1.0 0.6507970244420829
483 1.0 0.6503719447396387
484 1.0 0.6527098831030819
485 1.0 0.6552603613177471
486 1.0 0.6578108395324124
487 1.0 0.6563230605738576
488 1.0 0.6578108395324124
489 1.0 0.661211477151966
490 1.0 0.6599362380446334
491 1.0 0.659298618490967
492 1.0 0.6609989373007439
493 1.0 0.6641870350690755
494 1.0 0.6663124335812965
495 1.0 0.6680127523910733
496 1.0 0.6675876726886291
497 1.0 0.6665249734325186
498 1.0 0.6692879914984059
499 1.0 0.6692879914984059
500 1.0 0.6695005313496281
501 1.0 0.6712008501594049
502 1.0 0.673538788522848
503 1.0 0.6758767268862912
504 1.0 0.6750265674814028
505 1.0 0.6758767268862912
506 1.0 0.6801275239107333
507 1.0 0.6786397449521785
508 1.0 0.6803400637619553
509 1.0 0.6824654622741764
510 1.0 0.6792773645058449
511 1.0 0.6820403825717322
512 1.0 0.6824654622741764
513 1.0 0.6848034006376196
514 1.0 0.6871413390010627
515 1.0 0.6860786397449522
516 1.0 0.6862911795961743
517 1.0 0.6905419766206163
518 1.0 0.6892667375132837
519 1.0 0.6909670563230605
520 1.0 0.6945802337938364
521 1.0 0.6941551540913922
522 1.0 0.6969181721572795
523 1.0 0.6956429330499468
524 1.0 0.6977683315621679
525 1.0 0.6947927736450584
526 1.0 0.6990435706695005
527 1.0 0.6971307120085016
528 1.0 0.6988310308182785
529 1.0 0.7028692879914984
530 1.0 0.7018065887353879
531 1.0 0.70605738575983
532 1.0 0.7043570669500532
533 1.0 0.7054197662061636
534 1.0 0.7090329436769395
535 1.0 0.7073326248671626
536 1.0 0.7075451647183847
537 1.0 0.7117959617428268
538 1.0 0.7124335812964931
539 1.0 0.7132837407013816
540 1.0 0.7111583421891605
541 1.0 0.7124335812964931
542 1.0 0.7168969181721573
543 1.0 0.7166843783209351
544 1.0 0.7196599362380446
545 1.0 0.7196599362380446
546 1.0 0.722635494155154
547 1.0 0.722422954303932
548 1.0 0.720510095642933
549 1.0 0.7200850159404888
550 1.0 0.7247608926673751
551 1.0 0.724548352816153
552 1.0 0.7260361317747077
553 1.0 0.7264612114771519
554 1.0 0.7266737513283741
555 1.0 0.7313496280552604
556 1.0 0.7309245483528162
557 1.0 0.7294367693942614
558 1.0 0.7339001062699256
559 1.0 0.7319872476089266
560 1.0 0.7345377258235919
561 1.0 0.7358129649309245
562 1.0 0.7364505844845909
563 1.0 0.738788522848034
564 1.0 0.7364505844845909
565 1.0 0.7370882040382571
566 1.0 0.7415515409139214
567 1.0 0.7381509032943677
568 1.0 0.7419766206163656
569 1.0 0.7419766206163656
570 1.0 0.7443145589798087
571 1.0 0.7445270988310309
572 1.0 0.7455897980871413
573 1.0 0.7462274176408077
574 1.0 0.7485653560042508
575 1.0 0.7496280552603614
576 1.0 0.7494155154091392
577 1.0 0.7517534537725824
578 1.0 0.751115834218916
579 1.0 0.753028692879915
580 1.0 0.7543039319872477
581 1.0 0.7555791710945803
582 1.0 0.7538788522848034
583 1.0 0.7564293304994687
584 1.0 0.7555791710945803
585 1.0 0.758979808714134
586 1.0 0.7568544102019129
587 1.0 0.7596174282678002
588 1.0 0.7608926673751328
589 1.0 0.7623804463336875
590 1.0 0.7625929861849097
591 1.0 0.7617428267800213
592 1.0 0.7659936238044633
593 1.0 0.7662061636556854
594 1.0 0.7662061636556854
595 1.0 0.7685441020191286
596 1.0 0.7687566418703506
597 1.0 0.7679064824654622
598 1.0 0.7702444208289054
599 1.0 0.769394261424017
600 1.0 0.7730074388947927
601 1.0 0.7706695005313496
602 1.0 0.7732199787460149
603 1.0 0.7710945802337938
604 1.0 0.7725823591923485
605 1.0 0.7753453772582359
606 1.0 0.777470775770457
607 1.0 0.7740701381509033
608 1.0 0.7781083953241232
609 1.0 0.779596174282678
610 1.0 0.7787460148777896
611 1.0 0.7793836344314559
612 1.0 0.7764080765143464
613 1.0 0.7834218916046759
614 1.0 0.7834218916046759
615 1.0 0.7838469713071201
616 1.0 0.783634431455898
617 1.0 0.785759829968119
618 1.0 0.7859723698193412
619 1.0 0.7851222104144527
620 1.0 0.787672688629118
621 1.0 0.789798087141339
622 1.0 0.789798087141339
623 1.0 0.789798087141339
624 1.0 0.7893730074388948
625 1.0 0.7919234856535601
626 1.0 0.7944739638682253
627 1.0 0.7925611052072263
628 1.0 0.7929861849096705
629 1.0 0.7953241232731137
630 1.0 0.79596174282678
631 1.0 0.7970244420828906
632 1.0 0.7942614240170032
633 1.0 0.7985122210414453
634 1.0 0.795749202975558
635 1.0 0.7982996811902232
636 1.0 0.8023379383634431
637 1.0 0.8010626992561105
638 1.0 0.8012752391073327
639 1.0 0.8012752391073327
640 1.0 0.8004250797024443
641 1.0 0.8031880977683316
642 1.0 0.8063761955366632
643 1.0 0.8095642933049947
644 1.0 0.805951115834219
645 1.0 0.8102019128586609
646 1.0 0.8102019128586609
647 1.0 0.8116896918172157
648 1.0 0.8110520722635494
649 1.0 0.8099893730074389
650 1.0 0.8116896918172157
651 1.0 0.8140276301806588
652 1.0 0.8153028692879914
653 1.0 0.8150903294367694
654 1.0 0.8174282678002125
655 1.0 0.8172157279489904
656 1.0 0.8189160467587673
657 1.0 0.8193411264612115
658 1.0 0.8191285866099893
659 1.0 0.822316684378321
660 1.0 0.8195536663124335
661 1.0 0.8218916046758767
662 1.0 0.8227417640807652
663 1.0 0.8242295430393198
664 1.0 0.8238044633368756
665 1.0 0.8257173219978746
666 1.0 0.8276301806588735
667 1.0 0.8286928799149841
668 1.0 0.8276301806588735
669 1.0 0.8282678002125399
670 1.0 0.8291179596174283
671 1.0 0.8274176408076515
672 1.0 0.8289054197662061
673 1.0 0.8318809776833156
674 1.0 0.832518597236982
675 1.0 0.832731137088204
676 1.0 0.834643995749203
677 1.0 0.8354941551540914
678 1.0 0.832731137088204
679 1.0 0.8371944739638683
680 1.0 0.834856535600425
681 1.0 0.8380446333687567
682 1.0 0.8333687566418704
683 1.0 0.8369819341126461
684 1.0 0.8397449521785335
685 1.0 0.8388947927736451
686 1.0 0.8391073326248671
687 1.0 0.8397449521785335
688 1.0 0.8425079702444208
689 1.0 0.8403825717321998
690 1.0 0.8437832093517534
691 1.0 0.8450584484590861
692 1.0 0.8442082890541976
693 1.0 0.8465462274176409
694 1.0 0.8450584484590861
695 1.0 0.8486716259298619
696 1.0 0.8467587672688629
697 1.0 0.8471838469713071
698 1.0 0.8484590860786397
699 1.0 0.8490967056323061
700 1.0 0.8499468650371945
701 1.0 0.8512221041445271
702 1.0 0.8516471838469714
703 1.0 0.8512221041445271
704 1.0 0.8539851222104144
705 1.0 0.8516471838469714
706 1.0 0.8522848034006376
707 1.0 0.8533475026567482
708 1.0 0.8541976620616366
709 1.0 0.8539851222104144
710 1.0 0.8546227417640808
711 1.0 0.8558979808714134
712 1.0 0.8546227417640808
713 1.0 0.8556854410201913
714 1.0 0.8561105207226355
715 1.0 0.857173219978746
716 1.0 0.857173219978746
717 1.0 0.859086078639745
718 1.0 0.8595111583421892
719 1.0 0.8601487778958554
720 1.0 0.8603613177470776
721 1.0 0.8599362380446334
722 1.0 0.8620616365568544
723 1.0 0.8656748140276301
724 1.0 0.8618490967056323
725 1.0 0.8641870350690755
726 1.0 0.8641870350690755
727 1.0 0.8658873538788523
728 1.0 0.8656748140276301
729 1.0 0.8660998937300743
730 1.0 0.8656748140276301
731 1.0 0.8650371944739639
732 1.0 0.867375132837407
733 1.0 0.8682252922422954
734 1.0 0.8699256110520722
735 1.0 0.8688629117959618
736 1.0 0.8684378320935175
737 1.0 0.8705632306057386
738 1.0 0.8690754516471838
739 1.0 0.8701381509032944
740 1.0 0.8686503719447396
741 1.0 0.8703506907545164
742 1.0 0.8716259298618491
743 1.0 0.873538788522848
744 1.0 0.8720510095642933
745 1.0 0.8756641870350691
746 1.0 0.8726886291179596
747 1.0 0.8786397449521786
748 1.0 0.8760892667375133
749 1.0 0.8765143464399575
750 1.0 0.8769394261424017
751 1.0 0.8792773645058448
752 1.0 0.8786397449521786
753 1.0 0.8786397449521786
754 1.0 0.8773645058448459
755 1.0 0.879702444208289
756 1.0 0.8822529224229543
757 1.0 0.8814027630180659
758 1.0 0.8826780021253985
759 1.0 0.8818278427205101
760 1.0 0.8828905419766206
761 1.0 0.8845908607863975
762 1.0 0.8841657810839533
763 1.0 0.8828905419766206
764 1.0 0.8848034006376195
765 1.0 0.8862911795961743
766 1.0 0.8865037194473964
767 1.0 0.8865037194473964
768 1.0 0.8871413390010627
769 1.0 0.8865037194473964
770 1.0 0.889691817215728
771 1.0 0.8879914984059512
772 1.0 0.8888416578108396
773 1.0 0.8911795961742827
774 1.0 0.8916046758767269
775 1.0 0.8907545164718385
776 1.0 0.88990435706695
777 1.0 0.8905419766206164
778 1.0 0.8911795961742827
779 1.0 0.8930924548352817
780 1.0 0.8935175345377259
781 1.0 0.8937300743889479
782 1.0 0.8920297555791711
783 1.0 0.8954303931987248
784 1.0 0.8956429330499469
785 1.0 0.8964930924548353
786 1.0 0.8960680127523911
787 1.0 0.8975557917109458
788 1.0 0.8984059511158342
789 1.0 0.897768331562168
790 1.0 0.8988310308182784
791 1.0 0.8996811902231668
792 1.0 0.899893730074389
793 1.0 0.9009564293304995
794 1.0 0.9003188097768332
795 1.0 0.9013815090329437
796 1.0 0.9032943676939427
797 1.0 0.9026567481402763
798 1.0 0.9041445270988311
799 1.0 0.9043570669500531
800 1.0 0.9028692879914985
801 1.0 0.9047821466524973
802 1.0 0.9047821466524973
803 1.0 0.9069075451647184
804 1.0 0.9079702444208289
805 1.0 0.9077577045696068
806 1.0 0.9075451647183846
807 1.0 0.9088204038257173
808 1.0 0.9077577045696068
809 1.0 0.9096705632306057
810 1.0 0.9090329436769394
811 1.0 0.9103081827842721
812 1.0 0.9115834218916047
813 1.0 0.9107332624867163
814 1.0 0.9122210414452709
815 1.0 0.9130712008501594
816 1.0 0.9115834218916047
817 1.0 0.9128586609989373
818 1.0 0.9132837407013815
819 1.0 0.9145589798087141
820 1.0 0.9149840595111584
821 1.0 0.9137088204038257
822 1.0 0.9147715196599362
823 1.0 0.9154091392136026
824 1.0 0.9171094580233794
825 1.0 0.916471838469713
826 1.0 0.9166843783209352
827 1.0 0.9185972369819341
828 1.0 0.9173219978746014
829 1.0 0.9173219978746014
830 1.0 0.9194473963868225
831 1.0 0.9175345377258236
832 1.0 0.9198724760892667
833 1.0 0.922422954303932
834 1.0 0.9219978746014877
835 1.0 0.9202975557917109
836 1.0 0.9219978746014877
837 1.0 0.9215727948990435
838 1.0 0.9217853347502657
839 1.0 0.9207226354941551
840 1.0 0.9232731137088204
841 1.0 0.9226354941551541
842 1.0 0.924548352816153
843 1.0 0.9234856535600425
844 1.0 0.9241232731137088
845 1.0 0.9234856535600425
846 1.0 0.9247608926673752
847 1.0 0.924548352816153
848 1.0 0.9253985122210414
849 1.0 0.926461211477152
850 1.0 0.9273113708820404
851 1.0 0.9275239107332625
852 1.0 0.9279489904357067
853 1.0 0.9292242295430393
854 1.0 0.9290116896918172
855 1.0 0.9300743889479277
856 1.0 0.9324123273113709
857 1.0 0.9290116896918172
858 1.0 0.9296493092454835
859 1.0 0.9296493092454835
860 1.0 0.9343251859723698
861 1.0 0.9309245483528161
862 1.0 0.9302869287991499
863 1.0 0.9302869287991499
864 1.0 0.9324123273113709
865 1.0 0.9324123273113709
866 1.0 0.9307120085015941
867 1.0 0.9332624867162593
868 1.0 0.9334750265674814
869 1.0 0.9339001062699256
870 1.0 0.9349628055260362
871 1.0 0.9362380446333688
872 1.0 0.934750265674814
873 1.0 0.9334750265674814
874 1.0 0.9358129649309246
875 1.0 0.9356004250797024
876 1.0 0.9373007438894793
877 1.0 0.9356004250797024
878 1.0 0.9394261424017003
879 1.0 0.9396386822529225
880 1.0 0.9381509032943677
881 1.0 0.936663124335813
882 1.0 0.938788522848034
883 1.0 0.9402763018065887
884 1.0 0.9404888416578109
885 1.0 0.9415515409139213
886 1.0 0.9407013815090329
887 1.0 0.9398512221041445
888 1.0 0.9419766206163656
889 1.0 0.9411264612114771
890 1.0 0.9417640807651435
891 1.0 0.9424017003188098
892 1.0 0.9438894792773646
893 1.0 0.9445270988310308
894 1.0 0.9419766206163656
895 1.0 0.9441020191285866
896 1.0 0.9434643995749203
897 1.0 0.9436769394261424
898 1.0 0.9451647183846972
899 1.0 0.9443145589798088
900 1.0 0.9460148777895856
901 1.0 0.9458023379383634
902 1.0 0.9462274176408076
903 1.0 0.946865037194474
904 1.0 0.9460148777895856
905 1.0 0.9462274176408076
906 1.0 0.9462274176408076
907 1.0 0.9455897980871414
908 1.0 0.9460148777895856
909 1.0 0.9494155154091393
910 1.0 0.9496280552603613
911 1.0 0.9504782146652497
912 1.0 0.9498405951115835
913 1.0 0.9513283740701381
914 1.0 0.9502656748140277
915 1.0 0.9509032943676939
916 1.0 0.9513283740701381
917 1.0 0.9509032943676939
918 1.0 0.9502656748140277
919 1.0 0.9511158342189161
920 1.0 0.9517534537725824
921 1.0 0.9521785334750266
922 1.0 0.9521785334750266
923 1.0 0.9538788522848034
924 1.0 0.953028692879915
925 1.0 0.9543039319872476
926 1.0 0.9526036131774708
927 1.0 0.9553666312433581
928 1.0 0.9547290116896918
929 1.0 0.9547290116896918
930 1.0 0.9538788522848034
931 1.0 0.9547290116896918
932 1.0 0.9553666312433581
933 1.0 0.9547290116896918
934 1.0 0.9549415515409139
935 1.0 0.9564293304994687
936 1.0 0.9557917109458023
937 1.0 0.9568544102019129
938 1.0 0.9566418703506907
939 1.0 0.9587672688629117
940 1.0 0.9574920297555791
941 1.0 0.9568544102019129
942 1.0 0.9560042507970244
943 1.0 0.9587672688629117
944 1.0 0.9589798087141339
945 1.0 0.9583421891604675
946 1.0 0.9598299681190223
947 1.0 0.9596174282678002
948 1.0 0.9602550478214665
949 1.0 0.9589798087141339
950 1.0 0.9600425079702444
951 1.0 0.9608926673751328
952 1.0 0.9606801275239107
953 1.0 0.9621679064824654
954 1.0 0.9594048884165781
955 1.0 0.9619553666312434
956 1.0 0.961317747077577
957 1.0 0.9621679064824654
958 1.0 0.9619553666312434
959 1.0 0.9623804463336876
960 1.0 0.9617428267800212
961 1.0 0.9645058448459086
962 1.0 0.9628055260361318
963 1.0 0.9617428267800212
964 1.0 0.963443145589798
965 1.0 0.9638682252922423
966 1.0 0.9636556854410202
967 1.0 0.9645058448459086
968 1.0 0.9638682252922423
969 1.0 0.9655685441020191
970 1.0 0.9651434643995749
971 1.0 0.9666312433581297
972 1.0 0.9672688629117959
973 1.0 0.9659936238044633
974 1.0 0.9672688629117959
975 1.0 0.9664187035069075
976 1.0 0.9670563230605739
977 1.0 0.9664187035069075
978 1.0 0.9679064824654623
979 1.0 0.9681190223166843
980 1.0 0.9689691817215728
981 1.0 0.9687566418703507
982 1.0 0.9681190223166843
983 1.0 0.9679064824654623
984 1.0 0.9685441020191285
985 1.0 0.9691817215727949
986 1.0 0.9683315621679065
987 1.0 0.9691817215727949
988 1.0 0.9698193411264612
989 1.0 0.9683315621679065
990 1.0 0.969394261424017
991 1.0 0.969394261424017
992 1.0 0.969394261424017
993 1.0 0.9698193411264612
994 1.0 0.9706695005313496
995 1.0 0.9702444208289054
996 1.0 0.9696068012752391
997 1.0 0.971307120085016
998 1.0 0.9708820403825718
999 1.0 0.9710945802337938
1000 1.0 0.9723698193411264
1001 1.0 0.971519659936238
1002 1.0 0.971519659936238
1003 1.0 0.9719447396386822
1004 1.0 0.971519659936238
1005 1.0 0.9744952178533475
1006 1.0 0.971307120085016
1007 1.0 0.9730074388947928
1008 1.0 0.9730074388947928
1009 1.0 0.9747077577045696
1010 1.0 0.9732199787460148
1011 1.0 0.9730074388947928
1012 1.0 0.973645058448459
1013 1.0 0.9759829968119023
1014 1.0 0.9740701381509033
1015 1.0 0.9738575982996812
1016 1.0 0.9740701381509033
1017 1.0 0.9749202975557917
1018 1.0 0.9738575982996812
1019 1.0 0.9761955366631243
1020 1.0 0.9751328374070138
1021 1.0 0.975557917109458
1022 1.0 0.9766206163655685
1023 1.0 0.9768331562167907
1024 1.0 0.9757704569606801
1025 1.0 0.9766206163655685
1026 1.0 0.9759829968119023
1027 1.0 0.9774707757704569
1028 1.0 0.9757704569606801
1029 1.0 0.9781083953241233
1030 1.0 0.9776833156216791
1031 1.0 0.9770456960680127
1032 1.0 0.9766206163655685
1033 1.0 0.9772582359192349
1034 1.0 0.9789585547290117
1035 1.0 0.9787460148777896
1036 1.0 0.9778958554729011
1037 1.0 0.9774707757704569
1038 1.0 0.9783209351753454
1039 1.0 0.9785334750265675
1040 1.0 0.9789585547290117
1041 1.0 0.9798087141339001
1042 1.0 0.979596174282678
1043 1.0 0.979596174282678
1044 1.0 0.979596174282678
1045 1.0 0.9793836344314559
1046 1.0 0.9783209351753454
1047 1.0 0.9804463336875664
1048 1.0 0.9798087141339001
1049 1.0 0.9793836344314559
1050 1.0 0.979596174282678
1051 1.0 0.9812964930924548
1052 1.0 0.9804463336875664
1053 1.0 0.9810839532412328
1054 1.0 0.9804463336875664
1055 1.0 0.9802337938363443
1056 1.0 0.9804463336875664
1057 1.0 0.9812964930924548
1058 1.0 0.9808714133900106
1059 1.0 0.9819341126461212
1060 1.0 0.9810839532412328
1061 1.0 0.9821466524973432
1062 1.0 0.9819341126461212
1063 1.0 0.9825717321997874
1064 1.0 0.981721572794899
1065 1.0 0.981509032943677
1066 1.0 0.9823591923485654
1067 1.0 0.9829968119022316
1068 1.0 0.9823591923485654
1069 1.0 0.9825717321997874
1070 1.0 0.9829968119022316
1071 1.0 0.9832093517534538
1072 1.0 0.983634431455898
1073 1.0 0.9832093517534538
1074 1.0 0.9846971307120085
1075 1.0 0.9834218916046759
1076 1.0 0.9842720510095643
1077 1.0 0.9838469713071201
1078 1.0 0.9840595111583422
1079 1.0 0.9842720510095643
1080 1.0 0.9842720510095643
1081 1.0 0.9851222104144527
1082 1.0 0.9853347502656749
1083 1.0 0.9849096705632306
1084 1.0 0.9855472901168969
1085 1.0 0.9844845908607864
1086 1.0 0.9853347502656749
1087 1.0 0.9846971307120085
1088 1.0 0.9855472901168969
1089 1.0 0.9844845908607864
1090 1.0 0.9861849096705633
1091 1.0 0.9855472901168969
1092 1.0 0.9855472901168969
1093 1.0 0.9849096705632306
1094 1.0 0.9857598299681191
1095 1.0 0.9853347502656749
1096 1.0 0.9863974495217853
1097 1.0 0.9868225292242295
1098 1.0 0.9868225292242295
1099 1.0 0.9866099893730075
1100 1.0 0.9859723698193411
1101 1.0 0.9859723698193411
1102 1.0 0.9863974495217853
1103 1.0 0.9874601487778959
1104 1.0 0.987672688629118
1105 1.0 0.9874601487778959
1106 1.0 0.9870350690754517
1107 1.0 0.9880977683315622
1108 1.0 0.9870350690754517
1109 1.0 0.9874601487778959
1110 1.0 0.9878852284803401
1111 1.0 0.9874601487778959
1112 1.0 0.987672688629118
1113 1.0 0.987672688629118
1114 1.0 0.9883103081827843
1115 1.0 0.9880977683315622
1116 1.0 0.9878852284803401
1117 1.0 0.9872476089266737
1118 1.0 0.9885228480340064
1119 1.0 0.9891604675876727
1120 1.0 0.9889479277364506
1121 1.0 0.9878852284803401
1122 1.0 0.9885228480340064
1123 1.0 0.9885228480340064
1124 1.0 0.9889479277364506
1125 1.0 0.9889479277364506
1126 1.0 0.9887353878852285
1127 1.0 0.9889479277364506
1128 1.0 0.9891604675876727
1129 1.0 0.9891604675876727
1130 1.0 0.9891604675876727
1131 1.0 0.9893730074388948
1132 1.0 0.9895855472901169
1133 1.0 0.9893730074388948
1134 1.0 0.9895855472901169
1135 1.0 0.9893730074388948
1136 1.0 0.9900106269925611
1137 1.0 0.9895855472901169
1138 1.0 0.9900106269925611
1139 1.0 0.9902231668437832
1140 1.0 0.9906482465462274
1141 1.0 0.9904357066950054
1142 1.0 0.9900106269925611
1143 1.0 0.9906482465462274
1144 1.0 0.9895855472901169
1145 1.0 0.9908607863974496
1146 1.0 0.9910733262486716
1147 1.0 0.9906482465462274
1148 1.0 0.9906482465462274
1149 1.0 0.9904357066950054
1150 1.0 0.9904357066950054
1151 1.0 0.9908607863974496
1152 1.0 0.9908607863974496
1153 1.0 0.9902231668437832
1154 1.0 0.9912858660998938
1155 1.0 0.9912858660998938
1156 1.0 0.9910733262486716
1157 1.0 0.9912858660998938
1158 1.0 0.991710945802338
1159 1.0 0.9910733262486716
1160 1.0 0.9914984059511158
1161 1.0 0.9923485653560042
1162 1.0 0.9912858660998938
1163 1.0 0.99192348565356
1164 1.0 0.99192348565356
1165 1.0 0.99192348565356
1166 1.0 0.991710945802338
1167 1.0 0.99192348565356
1168 1.0 0.9921360255047822
1169 1.0 0.99192348565356
1170 1.0 0.9923485653560042
1171 1.0 0.9923485653560042
1172 1.0 0.9927736450584485
1173 1.0 0.9925611052072264
1174 1.0 0.9927736450584485
1175 1.0 0.9925611052072264
1176 1.0 0.9927736450584485
1177 1.0 0.9927736450584485
1178 1.0 0.9931987247608927
1179 1.0 0.9927736450584485
1180 1.0 0.9927736450584485
1181 1.0 0.9934112646121148
1182 1.0 0.9929861849096706
1183 1.0 0.9931987247608927
1184 1.0 0.9929861849096706
1185 1.0 0.9929861849096706
1186 1.0 0.9925611052072264
1187 1.0 0.993836344314559
1188 1.0 0.9929861849096706
1189 1.0 0.993836344314559
1190 1.0 0.9934112646121148
1191 1.0 0.9936238044633369
1192 1.0 0.9927736450584485
1193 1.0 0.9934112646121148
1194 1.0 0.9934112646121148
1195 1.0 0.993836344314559
1196 1.0 0.993836344314559
1197 1.0 0.9940488841657811
1198 1.0 0.9931987247608927
1199 1.0 0.9936238044633369
1200 1.0 0.9936238044633369
1201 1.0 0.9944739638682253
1202 1.0 0.9940488841657811
1203 1.0 0.9946865037194474
1204 1.0 0.9934112646121148
1205 1.0 0.993836344314559
1206 1.0 0.9946865037194474
1207 1.0 0.9944739638682253
1208 1.0 0.9944739638682253
1209 1.0 0.9944739638682253
1210 1.0 0.9944739638682253
1211 1.0 0.9948990435706695
1212 1.0 0.9953241232731137
1213 1.0 0.9946865037194474
1214 1.0 0.9951115834218917
1215 1.0 0.9942614240170032
1216 1.0 0.9951115834218917
1217 1.0 0.9944739638682253
1218 1.0 0.9948990435706695
1219 1.0 0.9951115834218917
1220 1.0 0.9953241232731137
1221 1.0 0.9951115834218917
1222 1.0 0.9948990435706695
1223 1.0 0.9953241232731137
1224 1.0 0.9955366631243359
1225 1.0 0.9948990435706695
1226 1.0 0.9955366631243359
1227 1.0 0.9957492029755579
1228 1.0 0.9959617428267801
1229 1.0 0.9951115834218917
1230 1.0 0.9957492029755579
1231 1.0 0.9955366631243359
1232 1.0 0.9959617428267801
1233 1.0 0.9961742826780021
1234 1.0 0.9957492029755579
1235 1.0 0.9955366631243359
1236 1.0 0.9963868225292243
1237 1.0 0.9961742826780021
1238 1.0 0.9965993623804463
1239 1.0 0.9953241232731137
1240 1.0 0.9961742826780021
1241 1.0 0.9965993623804463
1242 1.0 0.9963868225292243
1243 1.0 0.9965993623804463
1244 1.0 0.9961742826780021
1245 1.0 0.9963868225292243
1246 1.0 0.9968119022316685
1247 1.0 0.9961742826780021
1248 1.0 0.9965993623804463
1249 1.0 0.9970244420828905
1250 1.0 0.9963868225292243
1251 1.0 0.9968119022316685
1252 1.0 0.9965993623804463
1253 1.0 0.9970244420828905
1254 1.0 0.9970244420828905
1255 1.0 0.9959617428267801
1256 1.0 0.9972369819341127
1257 1.0 0.9968119022316685
1258 1.0 0.9974495217853347
1259 1.0 0.9970244420828905
1260 1.0 0.9968119022316685
1261 1.0 0.9968119022316685
1262 1.0 0.9972369819341127
1263 1.0 0.9972369819341127
1264 1.0 0.9974495217853347
1265 1.0 0.9970244420828905
1266 1.0 0.9972369819341127
1267 1.0 0.9972369819341127
1268 1.0 0.9970244420828905
1269 1.0 0.9972369819341127
1270 1.0 0.9974495217853347
1271 1.0 0.9974495217853347
1272 1.0 0.9976620616365569
1273 1.0 0.9974495217853347
1274 1.0 0.9974495217853347
1275 1.0 0.9974495217853347
1276 1.0 0.9970244420828905
1277 1.0 0.9980871413390011
1278 1.0 0.9974495217853347
1279 1.0 0.9974495217853347
1280 1.0 0.997874601487779
1281 1.0 0.9976620616365569
1282 1.0 0.9972369819341127
1283 1.0 0.9976620616365569
1284 1.0 0.9980871413390011
1285 1.0 0.9976620616365569
1286 1.0 0.9974495217853347
1287 1.0 0.997874601487779
1288 1.0 0.997874601487779
1289 1.0 0.997874601487779
1290 1.0 0.997874601487779
1291 1.0 0.9980871413390011
1292 1.0 0.9974495217853347
1293 1.0 0.9974495217853347
1294 1.0 0.9976620616365569
1295 1.0 0.9980871413390011
1296 1.0 0.9982996811902232
1297 1.0 0.997874601487779
1298 1.0 0.997874601487779
1299 1.0 0.997874601487779
1300 1.0 0.9982996811902232
1301 1.0 0.9980871413390011
1302 1.0 0.9980871413390011
1303 1.0 0.997874601487779
1304 1.0 0.9980871413390011
1305 1.0 0.997874601487779
1306 1.0 0.9980871413390011
1307 1.0 0.9980871413390011
1308 1.0 0.9980871413390011
1309 1.0 0.9980871413390011
1310 1.0 0.9980871413390011
1311 1.0 0.9980871413390011
1312 1.0 0.9980871413390011
1313 1.0 0.9980871413390011
1314 1.0 0.9980871413390011
1315 1.0 0.9982996811902232
1316 1.0 0.9980871413390011
1317 1.0 0.9980871413390011
1318 1.0 0.9980871413390011
1319 1.0 0.9980871413390011
1320 1.0 0.9980871413390011
1321 1.0 0.9980871413390011
1322 1.0 0.9985122210414453
1323 1.0 0.9980871413390011
1324 1.0 0.9985122210414453
1325 1.0 0.9985122210414453
1326 1.0 0.9982996811902232
1327 1.0 0.9985122210414453
1328 1.0 0.9980871413390011
1329 1.0 0.9982996811902232
1330 1.0 0.9985122210414453
1331 1.0 0.9980871413390011
1332 1.0 0.9982996811902232
1333 1.0 0.9985122210414453
1334 1.0 0.9985122210414453
1335 1.0 0.9980871413390011
1336 1.0 0.9987247608926674
1337 1.0 0.9982996811902232
1338 1.0 0.9980871413390011
1339 1.0 0.9982996811902232
1340 1.0 0.9980871413390011
1341 1.0 0.9982996811902232
1342 1.0 0.9982996811902232
1343 1.0 0.9987247608926674
1344 1.0 0.9985122210414453
1345 1.0 0.9987247608926674
1346 1.0 0.9987247608926674
1347 1.0 0.9982996811902232
1348 1.0 0.9987247608926674
1349 1.0 0.9987247608926674
1350 1.0 0.9982996811902232
1351 1.0 0.9985122210414453
1352 1.0 0.9982996811902232
1353 1.0 0.9987247608926674
1354 1.0 0.9989373007438895
1355 1.0 0.9987247608926674
1356 1.0 0.9985122210414453
1357 1.0 0.9989373007438895
1358 1.0 0.9989373007438895
1359 1.0 0.9987247608926674
1360 1.0 0.9991498405951116
1361 1.0 0.9987247608926674
1362 1.0 0.9987247608926674
1363 1.0 0.9989373007438895
1364 1.0 0.9989373007438895
1365 1.0 0.9989373007438895
1366 1.0 0.9987247608926674
1367 1.0 0.9991498405951116
1368 1.0 0.9989373007438895
1369 1.0 0.9991498405951116
1370 1.0 0.9987247608926674
1371 1.0 0.9991498405951116
1372 1.0 0.9991498405951116
1373 1.0 0.9991498405951116
1374 1.0 0.9989373007438895
1375 1.0 0.9993623804463337
1376 1.0 0.9989373007438895
1377 1.0 0.9991498405951116
1378 1.0 0.9991498405951116
1379 1.0 0.9989373007438895
1380 1.0 0.9989373007438895
1381 1.0 0.9989373007438895
1382 1.0 0.9991498405951116
1383 1.0 0.9991498405951116
1384 1.0 0.9991498405951116
1385 1.0 0.9989373007438895
1386 1.0 0.9991498405951116
1387 1.0 0.9989373007438895
1388 1.0 0.9991498405951116
1389 1.0 0.9993623804463337
1390 1.0 0.9991498405951116
1391 1.0 0.9991498405951116
1392 1.0 0.9993623804463337
1393 1.0 0.9991498405951116
1394 1.0 0.9993623804463337
1395 1.0 0.9991498405951116
1396 1.0 0.9991498405951116
1397 1.0 0.9993623804463337
1398 1.0 0.9991498405951116
1399 1.0 0.9991498405951116
1400 1.0 0.9991498405951116
1401 1.0 0.9991498405951116
1402 1.0 0.9991498405951116
1403 1.0 0.9993623804463337
1404 1.0 0.9991498405951116
1405 1.0 0.9993623804463337
1406 1.0 0.9991498405951116
1407 1.0 0.9991498405951116
1408 1.0 0.9991498405951116
1409 1.0 0.9989373007438895
1410 1.0 0.9993623804463337
1411 1.0 0.9993623804463337
1412 1.0 0.9993623804463337
1413 1.0 0.9991498405951116
1414 1.0 0.9991498405951116
1415 1.0 0.9991498405951116
1416 1.0 0.9993623804463337
1417 1.0 0.9991498405951116
1418 1.0 0.9993623804463337
1419 1.0 0.9993623804463337
1420 1.0 0.9991498405951116
1421 1.0 0.9993623804463337
1422 1.0 0.9991498405951116
1423 1.0 0.9991498405951116
1424 1.0 0.9991498405951116
1425 1.0 0.9993623804463337
1426 1.0 0.9993623804463337
1427 1.0 0.9991498405951116
1428 1.0 0.9991498405951116
1429 1.0 0.9989373007438895
1430 1.0 0.9991498405951116
1431 1.0 0.9991498405951116
1432 1.0 0.9993623804463337
1433 1.0 0.9993623804463337
1434 1.0 0.9991498405951116
1435 1.0 0.9993623804463337
1436 1.0 0.9993623804463337
1437 1.0 0.9993623804463337
1438 1.0 0.9993623804463337
1439 1.0 0.9991498405951116
1440 1.0 0.9993623804463337
1441 1.0 0.9991498405951116
1442 1.0 0.9993623804463337
1443 1.0 0.9993623804463337
1444 1.0 0.9993623804463337
1445 1.0 0.9991498405951116
1446 1.0 0.9993623804463337
1447 1.0 0.9993623804463337
1448 1.0 0.9993623804463337
1449 1.0 0.9993623804463337
1450 1.0 0.9993623804463337
1451 1.0 0.9993623804463337
1452 1.0 0.9993623804463337
1453 1.0 0.9993623804463337
1454 1.0 0.9993623804463337
1455 1.0 0.9995749202975558
1456 1.0 0.9991498405951116
1457 1.0 0.9991498405951116
1458 1.0 0.9991498405951116
1459 1.0 0.9993623804463337
1460 1.0 0.9995749202975558
1461 1.0 0.9995749202975558
1462 1.0 0.9993623804463337
1463 1.0 0.9993623804463337
1464 1.0 0.9993623804463337
1465 1.0 0.9991498405951116
1466 1.0 0.9995749202975558
1467 1.0 0.9993623804463337
1468 1.0 0.9993623804463337
1469 1.0 0.9995749202975558
1470 1.0 0.9993623804463337
1471 1.0 0.9995749202975558
1472 1.0 0.9995749202975558
1473 1.0 0.9995749202975558
1474 1.0 0.9993623804463337
1475 1.0 0.9995749202975558
1476 1.0 0.9995749202975558
1477 1.0 0.9993623804463337
1478 1.0 0.9995749202975558
1479 1.0 0.9995749202975558
1480 1.0 0.9995749202975558
1481 1.0 0.9993623804463337
1482 1.0 0.999787460148778
1483 1.0 0.9995749202975558
1484 1.0 0.9995749202975558
1485 1.0 0.9995749202975558
1486 1.0 0.999787460148778
1487 1.0 0.9995749202975558
1488 1.0 0.999787460148778
1489 1.0 0.9995749202975558
1490 1.0 0.9995749202975558
1491 1.0 0.9995749202975558
1492 1.0 0.9995749202975558
1493 1.0 0.9995749202975558
1494 1.0 0.9995749202975558
1495 1.0 0.9995749202975558
1496 1.0 0.9995749202975558
1497 1.0 0.9995749202975558
1498 1.0 0.9995749202975558
1499 1.0 0.999787460148778
1500 1.0 0.9995749202975558
1501 1.0 0.9995749202975558
1502 1.0 0.9995749202975558
1503 1.0 0.999787460148778
1504 1.0 0.999787460148778
1505 1.0 0.9995749202975558
1506 1.0 0.999787460148778
1507 1.0 0.9995749202975558
1508 1.0 0.9995749202975558
1509 1.0 0.9995749202975558
1510 1.0 0.999787460148778
1511 1.0 0.999787460148778
1512 1.0 0.9995749202975558
1513 1.0 0.9995749202975558
1514 1.0 0.9995749202975558
1515 1.0 1.0
1516 1.0 0.999787460148778
1517 1.0 0.999787460148778
1518 1.0 0.999787460148778
1519 1.0 0.9995749202975558
1520 1.0 0.999787460148778
1521 1.0 0.9995749202975558
1522 1.0 0.999787460148778
1523 1.0 0.999787460148778
1524 1.0 0.999787460148778
1525 1.0 0.9995749202975558
1526 1.0 0.9995749202975558
1527 1.0 0.9995749202975558
1528 1.0 0.9995749202975558
1529 1.0 0.999787460148778
1530 1.0 0.999787460148778
1531 1.0 0.999787460148778
1532 1.0 0.999787460148778
1533 1.0 0.999787460148778
1534 1.0 0.999787460148778
1535 1.0 0.999787460148778
1536 1.0 0.999787460148778
1537 1.0 0.999787460148778
1538 1.0 0.999787460148778
1539 1.0 0.999787460148778
1540 1.0 0.999787460148778
1541 1.0 0.9995749202975558
1542 1.0 0.999787460148778
1543 1.0 0.999787460148778
1544 1.0 1.0
1545 1.0 0.999787460148778
1546 1.0 0.999787460148778
1547 1.0 0.999787460148778
1548 1.0 0.999787460148778
1549 1.0 0.999787460148778
1550 1.0 0.999787460148778
1551 1.0 0.999787460148778
1552 1.0 1.0
1553 1.0 0.999787460148778
1554 1.0 1.0
1555 1.0 1.0
1556 1.0 0.999787460148778
1557 1.0 1.0
1558 1.0 0.999787460148778
1559 1.0 0.999787460148778
1560 1.0 1.0
1561 1.0 1.0
1562 1.0 1.0
1563 1.0 0.999787460148778
1564 1.0 0.999787460148778
1565 1.0 1.0
1566 1.0 1.0
1567 1.0 1.0
1568 1.0 1.0
1569 1.0 1.0
1570 1.0 1.0
1571 1.0 1.0
1572 1.0 1.0
1573 1.0 1.0
1574 1.0 1.0
1575 1.0 1.0
1576 1.0 1.0
1577 1.0 0.999787460148778
1578 1.0 1.0
1579 1.0 1.0
1580 1.0 1.0
1581 1.0 1.0
1582 1.0 1.0
1583 1.0 1.0
1584 1.0 1.0
1585 1.0 1.0
1586 1.0 1.0
1587 1.0 1.0
1588 1.0 1.0
1589 1.0 1.0
1590 1.0 1.0
1591 1.0 1.0
1592 1.0 1.0
1593 1.0 1.0
1594 1.0 1.0
1595 1.0 1.0
1596 1.0 1.0
1597 1.0 1.0
1598 1.0 1.0
1599 1.0 1.0
1600 1.0 1.0
1601 1.0 1.0
1602 1.0 1.0
1603 1.0 1.0
1604 1.0 0.999787460148778
1605 1.0 1.0
1606 1.0 1.0
1607 1.0 1.0
1608 1.0 1.0
1609 1.0 1.0
1610 1.0 1.0
1611 1.0 1.0
1612 1.0 1.0
1613 1.0 1.0
1614 1.0 1.0
1615 1.0 1.0
1616 1.0 1.0
1617 1.0 1.0
1618 1.0 1.0
1619 1.0 1.0
1620 1.0 1.0
1621 1.0 1.0
1622 1.0 1.0
1623 1.0 1.0
1624 1.0 1.0
1625 1.0 1.0
1626 1.0 1.0
1627 1.0 1.0
1628 1.0 1.0
1629 1.0 1.0
1630 1.0 1.0
1631 1.0 1.0
1632 1.0 1.0
1633 1.0 1.0
1634 1.0 1.0
1635 1.0 1.0
1636 1.0 1.0
1637 1.0 1.0
1638 1.0 1.0
1639 1.0 1.0
1640 1.0 1.0
1641 1.0 1.0
1642 1.0 1.0
1643 1.0 1.0
1644 1.0 1.0
1645 1.0 1.0
1646 1.0 1.0
1647 1.0 1.0
1648 1.0 1.0
1649 1.0 1.0
1650 1.0 1.0
1651 1.0 1.0
1652 1.0 1.0
1653 1.0 1.0
1654 1.0 1.0
1655 1.0 1.0
1656 1.0 1.0
1657 1.0 1.0
1658 1.0 1.0
1659 1.0 1.0
1660 1.0 1.0
1661 1.0 1.0
1662 1.0 1.0
1663 1.0 1.0
1664 1.0 1.0
1665 1.0 1.0
1666 1.0 1.0
1667 1.0 1.0
1668 1.0 1.0
1669 1.0 1.0
1670 1.0 1.0
1671 1.0 1.0
1672 1.0 1.0
1673 1.0 1.0
1674 1.0 1.0
1675 1.0 1.0
1676 1.0 1.0
1677 1.0 1.0
1678 1.0 1.0
1679 1.0 1.0
1680 1.0 1.0
1681 1.0 1.0
1682 1.0 1.0
1683 1.0 1.0
1684 1.0 1.0
1685 1.0 1.0
1686 1.0 1.0
1687 1.0 1.0
1688 1.0 1.0
1689 1.0 1.0
1690 1.0 1.0
1691 1.0 1.0
1692 1.0 1.0
1693 1.0 1.0
1694 1.0 1.0
1695 1.0 1.0
1696 1.0 1.0
1697 1.0 1.0
1698 1.0 1.0
1699 1.0 1.0
1700 1.0 1.0
1701 1.0 1.0
1702 1.0 1.0
1703 1.0 1.0
1704 1.0 1.0
1705 1.0 1.0
1706 1.0 1.0
1707 1.0 1.0
1708 1.0 1.0
1709 1.0 1.0
1710 1.0 1.0
1711 1.0 1.0
1712 1.0 1.0
1713 1.0 1.0
1714 1.0 1.0
1715 1.0 1.0
1716 1.0 1.0
1717 1.0 1.0
1718 1.0 1.0
1719 1.0 1.0
1720 1.0 1.0
1721 1.0 1.0
1722 1.0 1.0
1723 1.0 1.0
1724 1.0 1.0
1725 1.0 1.0
1726 1.0 1.0
1727 1.0 1.0
1728 1.0 1.0
1729 1.0 1.0
1730 1.0 1.0
1731 1.0 1.0
1732 1.0 1.0
1733 1.0 1.0
1734 1.0 1.0
1735 1.0 1.0
1736 1.0 1.0
1737 1.0 1.0
1738 1.0 1.0
1739 1.0 1.0
1740 1.0 1.0
1741 1.0 1.0
1742 1.0 1.0
1743 1.0 1.0
1744 1.0 1.0
1745 1.0 1.0
1746 1.0 1.0
1747 1.0 1.0
1748 1.0 1.0
1749 1.0 1.0
1750 1.0 1.0
1751 1.0 1.0
1752 1.0 1.0
1753 1.0 1.0
1754 1.0 1.0
1755 1.0 1.0
1756 1.0 1.0
1757 1.0 1.0
1758 1.0 1.0
1759 1.0 1.0
1760 1.0 1.0
1761 1.0 1.0
1762 1.0 1.0
1763 1.0 1.0
1764 1.0 1.0
1765 1.0 1.0
1766 1.0 1.0
1767 1.0 1.0
1768 1.0 1.0
1769 1.0 1.0
1770 1.0 1.0
1771 1.0 1.0
1772 1.0 1.0
1773 1.0 1.0
1774 1.0 1.0
1775 1.0 1.0
1776 1.0 1.0
1777 1.0 1.0
1778 1.0 1.0
1779 1.0 1.0
1780 1.0 1.0
1781 1.0 1.0
1782 1.0 1.0
1783 1.0 1.0
1784 1.0 1.0
1785 1.0 1.0
1786 1.0 1.0
1787 1.0 1.0
1788 1.0 1.0
1789 1.0 1.0
1790 1.0 1.0
1791 1.0 1.0
1792 1.0 1.0
1793 1.0 1.0
1794 1.0 1.0
1795 1.0 1.0
1796 1.0 1.0
1797 1.0 1.0
1798 1.0 1.0
1799 1.0 1.0
1800 1.0 1.0
1801 1.0 1.0
1802 1.0 1.0
1803 1.0 1.0
1804 1.0 1.0
1805 1.0 1.0
1806 1.0 1.0
1807 1.0 1.0
1808 1.0 1.0
1809 1.0 1.0
1810 1.0 1.0
1811 1.0 1.0
1812 1.0 1.0
1813 1.0 1.0
1814 1.0 1.0
1815 1.0 1.0
1816 1.0 1.0
1817 1.0 1.0
1818 1.0 1.0
1819 1.0 1.0
1820 1.0 1.0
1821 1.0 1.0
1822 1.0 1.0
1823 1.0 1.0
1824 1.0 1.0
1825 1.0 1.0
1826 1.0 1.0
1827 1.0 1.0
1828 1.0 1.0
1829 1.0 1.0
1830 1.0 1.0
1831 1.0 1.0
1832 1.0 1.0
1833 1.0 1.0
1834 1.0 1.0
1835 1.0 1.0
1836 1.0 1.0
1837 1.0 1.0
1838 1.0 1.0
1839 1.0 1.0
1840 1.0 1.0
1841 1.0 1.0
1842 1.0 1.0
1843 1.0 1.0
1844 1.0 1.0
1845 1.0 1.0
1846 1.0 1.0
1847 1.0 1.0
1848 1.0 1.0
1849 1.0 1.0
1850 1.0 1.0
1851 1.0 1.0
1852 1.0 1.0
1853 1.0 1.0
1854 1.0 1.0
1855 1.0 1.0
1856 1.0 1.0
1857 1.0 1.0
1858 1.0 1.0
1859 1.0 1.0
1860 1.0 1.0
1861 1.0 1.0
1862 1.0 1.0
1863 1.0 1.0
1864 1.0 1.0
1865 1.0 1.0
1866 1.0 1.0
1867 1.0 1.0
1868 1.0 1.0
1869 1.0 1.0
1870 1.0 1.0
1871 1.0 1.0
1872 1.0 1.0
1873 1.0 1.0
1874 1.0 1.0
1875 1.0 1.0
1876 1.0 1.0
1877 1.0 1.0
1878 1.0 1.0
1879 1.0 1.0
1880 1.0 1.0
1881 1.0 1.0
1882 1.0 1.0
1883 1.0 1.0
1884 1.0 1.0
1885 1.0 1.0
1886 1.0 1.0
1887 1.0 1.0
1888 1.0 1.0
1889 1.0 1.0
1890 1.0 1.0
1891 1.0 1.0
1892 1.0 1.0
1893 1.0 1.0
1894 1.0 1.0
1895 1.0 1.0
1896 1.0 1.0
1897 1.0 1.0
1898 1.0 1.0
1899 1.0 1.0
1900 1.0 1.0
1901 1.0 1.0
1902 1.0 1.0
1903 1.0 1.0
1904 1.0 1.0
1905 1.0 1.0
1906 1.0 1.0
1907 1.0 1.0
1908 1.0 1.0
1909 1.0 1.0
1910 1.0 1.0
1911 1.0 1.0
1912 1.0 1.0
1913 1.0 1.0
1914 1.0 1.0
1915 1.0 1.0
1916 1.0 1.0
1917 1.0 1.0
1918 1.0 1.0
1919 1.0 1.0
1920 1.0 1.0
1921 1.0 1.0
1922 1.0 1.0
1923 1.0 1.0
1924 1.0 1.0
1925 1.0 1.0
1926 1.0 1.0
1927 1.0 1.0
1928 1.0 1.0
1929 1.0 1.0
1930 1.0 1.0
1931 1.0 1.0
1932 1.0 1.0
1933 1.0 1.0
1934 1.0 1.0
1935 1.0 1.0
1936 1.0 1.0
1937 1.0 1.0
1938 1.0 1.0
1939 1.0 1.0
1940 1.0 1.0
1941 1.0 1.0
1942 1.0 1.0
1943 1.0 1.0
1944 1.0 1.0
1945 1.0 1.0
1946 1.0 1.0
1947 1.0 1.0
1948 1.0 1.0
1949 1.0 1.0
1950 1.0 1.0
1951 1.0 1.0
1952 1.0 1.0
1953 1.0 1.0
1954 1.0 1.0
1955 1.0 1.0
1956 1.0 1.0
1957 1.0 1.0
1958 1.0 1.0
1959 1.0 1.0
1960 1.0 1.0
1961 1.0 1.0
1962 1.0 1.0
1963 1.0 1.0
1964 1.0 1.0
1965 1.0 1.0
1966 1.0 1.0
