1 0.011868910540301151 0.009032943676939426
2 0.011868910540301151 0.008501594048884165
3 0.010806023029229407 0.009032943676939426
4 0.012754650132860939 0.006907545164718385
5 0.010806023029229407 0.009032943676939426
6 0.011514614703277236 0.008501594048884165
7 0.011160318866253321 0.009032943676939426
8 0.010806023029229407 0.009564293304994687
9 0.010274579273693534 0.010361317747077577
10 0.011691762621789194 0.007438894792773645
11 0.014348981399468556 0.0066418703506907545
12 0.013640389725420726 0.0066418703506907545
13 0.01204605845881311 0.007970244420828906
14 0.014348981399468556 0.002922422954303932
15 0.010274579273693534 0.010626992561105207
16 0.013463241806908768 0.006907545164718385
17 0.014348981399468556 0.004250797024442083
18 0.011868910540301151 0.0077045696068012755
19 0.011691762621789194 0.008235919234856535
20 0.01771479185119575 0.0005313496280552603
21 0.011514614703277236 0.008767268862911796
22 0.013817537643932684 0.005047821466524973
23 0.017006200177147917 0.0021253985122210413
24 0.01682905225863596 0.0010626992561105207
25 0.015589016829052258 0.002656748140276302
26 0.0141718334809566 0.005313496280552604
27 0.016474756421612047 0.0005313496280552603
28 0.013817537643932684 0.005579171094580234
29 0.016297608503100088 0.0021253985122210413
30 0.015943312666076175 0.003188097768331562
31 0.01966341895482728 0.0
32 0.016474756421612047 0.0005313496280552603
33 0.016297608503100088 0.001594048884165781
34 0.017891939769707706 0.001328374070138151
35 0.015766164747564215 0.002391073326248672
36 0.020017714791851195 0.0005313496280552603
37 0.020194862710363155 0.00026567481402763017
38 0.021434898139946857 0.0005313496280552603
39 0.01913197519929141 0.00026567481402763017
40 0.021434898139946857 0.0
41 0.01966341895482728 0.00026567481402763017
42 0.021966341895482727 0.00026567481402763017
43 0.020903454384410984 0.0
44 0.020549158547387068 0.00026567481402763017
45 0.023737821080602302 0.00026567481402763017
46 0.022852081488042516 0.0
47 0.023029229406554472 0.0
48 0.023560673162090345 0.0
49 0.022852081488042516 0.0
50 0.023029229406554472 0.00026567481402763017
51 0.0224977856510186 0.0
52 0.022143489813994686 0.0
53 0.022143489813994686 0.00026567481402763017
54 0.021966341895482727 0.00026567481402763017
55 0.024977856510186004 0.0
56 0.02320637732506643 0.0
57 0.02320637732506643 0.00026567481402763017
58 0.02462356067316209 0.0
59 0.02320637732506643 0.0
60 0.02533215234720992 0.0
61 0.025509300265721877 0.0
62 0.023737821080602302 0.0
63 0.02674933569530558 0.0
64 0.0283436669619132 0.0
65 0.027280779450841453 0.0
66 0.02604074402125775 0.00026567481402763017
67 0.026217891939769707 0.0
68 0.0295837023914969 0.0
69 0.030823737821080603 0.0
70 0.02940655447298494 0.0
71 0.030469441984056687 0.0
72 0.032063773250664306 0.0
73 0.03312666076173605 0.0
74 0.03578387953941541 0.0
75 0.03489813994685562 0.0
76 0.03507528786536758 0.0
77 0.04127546501328609 0.0
78 0.03596102745792737 0.0
79 0.03879539415411869 0.0
80 0.04304694419840567 0.0
81 0.03808680248007086 0.0
82 0.04658990256864482 0.0
83 0.04162976085031001 0.0
84 0.0462356067316209 0.0
85 0.051018600531443754 0.0
86 0.058104517271922056 0.0
87 0.05881310894596988 0.0
88 0.0650132860938884 0.0
89 0.061647475642161206 0.0
90 0.07015057573073516 0.0
91 0.06341895482728079 0.0
92 0.07298494242692648 0.0
93 0.07953941541186892 0.0
94 0.07635075287865367 0.0
95 0.07794508414526129 0.0
96 0.07528786536758193 0.0
97 0.08821966341895483 0.0
98 0.07032772364924712 0.0
99 0.0983170947741364 0.0
100 0.1133746678476528 0.0
101 0.1287865367581931 0.0
102 0.11744906997342781 0.0
103 0.1362267493356953 0.0
104 0.15482728077945085 0.0
105 0.15783879539415413 0.0
106 0.17094774136403898 0.0
107 0.16138175376439326 0.0
108 0.17183348095659876 0.0
109 0.1849424269264836 0.0
110 0.18529672276350753 0.0
111 0.20690876882196635 0.0
112 0.20230292294065544 0.0
113 0.22852081488042517 0.0
114 0.21718334809565987 0.0
115 0.2403897254207263 0.0
116 0.2354295837023915 0.0
117 0.21009743135518158 0.0
118 0.2403897254207263 0.0
119 0.23312666076173605 0.0
120 0.22444641275465013 0.0
121 0.26731620903454384 0.0
122 0.25863596102745795 0.0
123 0.25562444641275467 0.0
124 0.2788308237378211 0.0
125 0.2829052258635961 0.0
126 0.27192205491585475 0.0
127 0.2945969884853853 0.0
128 0.29512843224092117 0.0
129 0.3174490699734278 0.0
130 0.3224092116917626 0.0
131 0.30079716563330383 0.0
132 0.30682019486271034 0.0
133 0.32683790965456155 0.0
134 0.31479185119574843 0.0
135 0.3341009743135518 0.0
136 0.34490699734278124 0.0
137 0.3436669619131975 0.0
138 0.35801594331266606 0.0
139 0.3544729849424269 0.0
140 0.3721877767936227 0.0
141 0.36581045172719223 0.00026567481402763017
142 0.3775022143489814 0.0
143 0.38919397697077057 0.0
144 0.3870682019486271 0.0
145 0.40761736049601416 0.0
146 0.40850310008857393 0.00026567481402763017
147 0.4116917626217892 0.00026567481402763017
148 0.43064658990256866 0.0
149 0.41594331266607615 0.0
150 0.4370239149689991 0.0
151 0.437378210806023 0.0
152 0.47032772364924713 0.0
153 0.45704162976085033 0.0
154 0.4720992028343667 0.0
155 0.4850310008857396 0.0
156 0.5007971656333038 0.0005313496280552603
157 0.5222320637732507 0.00026567481402763017
158 0.5319751992914084 0.0010626992561105207
159 0.5806908768821967 0.0010626992561105207
160 0.6168290522586359 0.0037194473963868225
161 0.6511957484499558 0.01248671625929862
162 0.6768821966341896 0.0140807651434644
163 0.708414526129318 0.019925611052072262
164 0.7066430469441984 0.021785334750265676
165 0.7815766164747564 0.02763018065887354
166 0.7721877767936227 0.024707757704569608
167 0.7964570416297608 0.024707757704569608
168 0.7907883082373782 0.05100956429330499
169 0.8428697962798937 0.04117959617428268
170 0.8722763507528787 0.04144527098831031
171 0.8697962798937112 0.0448990435706695
172 0.9225863596102746 0.05419766206163656
173 0.917094774136404 0.06376195536663125
174 0.9348095659875997 0.07731137088204039
175 0.933569530558016 0.07890541976620616
176 0.953941541186891 0.09989373007438895
177 0.9665190434012401 0.10148777895855472
178 0.9619131975199291 0.10972369819341127
179 0.9720106288751107 0.11025504782146653
180 0.979096545615589 0.13761955366631243
181 0.9837023914968999 0.14107332624867164
182 0.9918511957484499 0.17640807651434645
183 0.9900797165633304 0.17029755579171094
184 0.9907883082373782 0.218384697130712
185 0.9950398582816652 0.23512221041445272
186 0.9966341895482728 0.2457492029755579
187 0.9991142604074402 0.26195536663124336
188 0.9994685562444642 0.288788522848034
189 0.9994685562444642 0.2739107332624867
190 0.9991142604074402 0.3057917109458023
191 0.9991142604074402 0.33528161530286926
192 0.999822852081488 0.35334750265674814
193 0.9994685562444642 0.3660998937300744
194 0.9994685562444642 0.3645058448459086
195 0.9994685562444642 0.38655685441020193
196 0.999822852081488 0.41471838469713074
197 1.0 0.4120616365568544
198 0.999645704162976 0.43730074388947926
199 0.999645704162976 0.4596174282678002
200 0.999822852081488 0.47927736450584485
201 1.0 0.49946865037194477
202 1.0 0.5055791710945803
203 1.0 0.494952178533475
204 0.999822852081488 0.5034537725823592
205 1.0 0.5263018065887354
206 1.0 0.5374601487778958
207 1.0 0.5565887353878852
208 1.0 0.555260361317747
209 0.999822852081488 0.5571200850159405
210 0.999645704162976 0.5589798087141339
211 1.0 0.5603081827842721
212 1.0 0.5661530286928799
213 1.0 0.5791710945802337
214 1.0 0.5972369819341127
215 1.0 0.6009564293304994
216 1.0 0.5990967056323061
217 1.0 0.6078639744952179
218 1.0 0.6150371944739639
219 0.999822852081488 0.6131774707757705
220 1.0 0.6118490967056323
221 1.0 0.6267268862911796
222 1.0 0.6288522848034006
223 1.0 0.629383634431456
224 1.0 0.6291179596174282
225 1.0 0.6368225292242295
226 1.0 0.6421360255047821
227 1.0 0.6434643995749203
228 1.0 0.64798087141339
229 1.0 0.6477151965993624
230 1.0 0.6546227417640808
231 1.0 0.6495749202975558
232 1.0 0.657279489904357
233 1.0 0.660201912858661
234 1.0 0.6609989373007439
235 1.0 0.6657810839532412
236 1.0 0.6641870350690755
237 1.0 0.6633900106269925
238 1.0 0.6341657810839533
239 0.999822852081488 0.6474495217853348
240 0.999645704162976 0.6657810839532412
241 1.0 0.6671094580233794
242 1.0 0.6761424017003188
243 1.0 0.6886291179596175
244 1.0 0.6904888416578109
245 1.0 0.6952709883103082
246 1.0 0.694739638682253
247 1.0 0.6976620616365569
248 1.0 0.7035069075451648
249 1.0 0.6992561105207227
250 1.0 0.6979277364505845
251 1.0 0.6987247608926673
252 1.0 0.70403825717322
253 1.0 0.7056323060573858
254 1.0 0.7029755579171094
255 1.0 0.703241232731137
256 1.0 0.7066950053134963
257 1.0 0.7053666312433581
258 1.0 0.7085547290116897
259 1.0 0.7154622741764081
260 1.0 0.7093517534537725
261 1.0 0.7173219978746015
262 1.0 0.7128055260361318
263 1.0 0.7178533475026567
264 1.0 0.7199787460148778
265 1.0 0.722635494155154
266 1.0 0.7207757704569607
267 1.0 0.7247608926673751
268 1.0 0.7236981934112646
269 1.0 0.7250265674814028
270 1.0 0.7266206163655685
271 1.0 0.7268862911795961
272 1.0 0.7287460148777896
273 1.0 0.7274176408076515
274 1.0 0.732731137088204
275 1.0 0.7332624867162593
276 1.0 0.7303400637619554
277 1.0 0.730605738575983
278 1.0 0.7345908607863975
279 1.0 0.7361849096705633
280 1.0 0.7340595111583422
281 1.0 0.7375132837407014
282 1.0 0.737778958554729
283 1.0 0.7383103081827843
284 1.0 0.7380446333687567
285 1.0 0.7409670563230606
286 1.0 0.7417640807651434
287 1.0 0.7414984059511158
288 1.0 0.7417640807651434
289 1.0 0.7391073326248672
290 1.0 0.7446865037194474
291 1.0 0.7470775770456961
292 1.0 0.7497343251859724
293 1.0 0.7510626992561105
294 1.0 0.7484059511158342
295 1.0 0.7507970244420828
296 1.0 0.7531880977683315
297 1.0 0.7539851222104145
298 1.0 0.75
299 1.0 0.7529224229543039
300 1.0 0.752125398512221
301 1.0 0.7582359192348566
302 1.0 0.7539851222104145
303 1.0 0.7553134962805526
304 1.0 0.7579702444208289
305 1.0 0.7595642933049946
306 1.0 0.7585015940488842
307 1.0 0.7569075451647184
308 1.0 0.7606269925611052
309 1.0 0.7614240170031881
310 1.0 0.762221041445271
311 1.0 0.7643464399574921
312 1.0 0.7606269925611052
313 1.0 0.7619553666312433
314 1.0 0.7624867162592986
315 1.0 0.7648777895855473
316 1.0 0.7630180658873539
317 1.0 0.7624867162592986
318 1.0 0.7632837407013815
319 1.0 0.7659404888416578
320 1.0 0.7646121147715197
321 1.0 0.7646121147715197
322 1.0 0.762221041445271
323 1.0 0.7678002125398512
324 1.0 0.7670031880977684
325 1.0 0.7704569606801275
326 1.0 0.7709883103081828
327 1.0 0.7699256110520722
328 1.0 0.7699256110520722
329 1.0 0.776567481402763
330 1.0 0.7741764080765143
331 1.0 0.7768331562167906
332 1.0 0.7728480340063762
333 1.0 0.7760361317747078
334 1.0 0.7770988310308182
335 1.0 0.779489904357067
336 1.0 0.7770988310308182
337 1.0 0.7805526036131775
338 1.0 0.7834750265674814
339 1.0 0.7826780021253985
340 1.0 0.7824123273113709
341 1.0 0.7856004250797024
342 1.0 0.779489904357067
343 1.0 0.7829436769394261
344 1.0 0.7800212539851222
345 1.0 0.78586609989373
346 1.0 0.7848034006376196
347 1.0 0.7874601487778958
348 1.0 0.7850690754516472
349 1.0 0.7818809776833157
350 1.0 0.7832093517534537
351 1.0 0.7895855472901169
352 1.0 0.7885228480340064
353 1.0 0.7879914984059511
354 1.0 0.7877258235919234
355 1.0 0.7885228480340064
356 1.0 0.7882571732199788
357 1.0 0.7874601487778958
358 1.0 0.7871944739638682
359 1.0 0.7919766206163655
360 1.0 0.7917109458023379
361 1.0 0.788788522848034
362 1.0 0.7901168969181721
363 1.0 0.7890541976620616
364 1.0 0.7941020191285866
365 1.0 0.7885228480340064
366 1.0 0.7935706695005313
367 1.0 0.7954303931987248
368 1.0 0.7943676939426142
369 1.0 0.7925079702444209
370 1.0 0.7975557917109458
371 1.0 0.7919766206163655
372 1.0 0.793836344314559
373 1.0 0.7978214665249734
374 1.0 0.798087141339001
375 1.0 0.7999468650371945
376 1.0 0.8004782146652497
377 1.0 0.8007438894792773
378 1.0 0.8010095642933049
379 1.0 0.8015409139213603
380 1.0 0.8028692879914984
381 1.0 0.8007438894792773
382 1.0 0.8034006376195537
383 1.0 0.8028692879914984
384 1.0 0.8015409139213603
385 1.0 0.8041976620616366
386 1.0 0.8007438894792773
387 1.0 0.8026036131774708
388 1.0 0.8047290116896918
389 1.0 0.8034006376195537
390 1.0 0.80605738575983
391 1.0 0.808182784272051
392 1.0 0.8028692879914984
393 1.0 0.8079171094580234
394 1.0 0.80605738575983
395 1.0 0.8111052072263549
396 1.0 0.8057917109458024
397 1.0 0.805260361317747
398 1.0 0.8076514346439958
399 1.0 0.805260361317747
400 1.0 0.8084484590860787
401 1.0 0.8084484590860787
402 1.0 0.8071200850159405
403 1.0 0.8095111583421891
404 1.0 0.8103081827842721
405 1.0 0.8145589798087142
406 1.0 0.8108395324123273
407 1.0 0.8111052072263549
408 1.0 0.8164187035069076
409 1.0 0.8116365568544102
410 1.0 0.8103081827842721
411 1.0 0.8119022316684378
412 1.0 0.8158873538788523
413 1.0 0.8124335812964931
414 1.0 0.8156216790648246
415 1.0 0.8150903294367694
416 1.0 0.815356004250797
417 1.0 0.8193411264612115
418 1.0 0.8126992561105207
419 1.0 0.8169500531349628
420 1.0 0.8158873538788523
421 1.0 0.8201381509032943
422 1.0 0.8158873538788523
423 1.0 0.8169500531349628
424 1.0 0.8188097768331563
425 1.0 0.823326248671626
426 1.0 0.8185441020191286
427 1.0 0.8209351753453773
428 1.0 0.8206695005313497
429 1.0 0.8230605738575983
430 1.0 0.8241232731137088
431 1.0 0.8249202975557917
432 1.0 0.824654622741764
433 1.0 0.8262486716259299
434 1.0 0.8243889479277364
435 1.0 0.8267800212539851
436 1.0 0.825451647183847
437 1.0 0.8249202975557917
438 1.0 0.8318278427205101
439 1.0 0.8262486716259299
440 1.0 0.827577045696068
441 1.0 0.8281083953241233
442 1.0 0.8312964930924548
443 1.0 0.8291710945802337
444 1.0 0.8310308182784272
445 1.0 0.8315621679064825
446 1.0 0.8312964930924548
447 1.0 0.832624867162593
448 1.0 0.8328905419766206
449 1.0 0.8318278427205101
450 1.0 0.8328905419766206
451 1.0 0.8331562167906482
452 1.0 0.8339532412327312
453 1.0 0.8323591923485654
454 1.0 0.8310308182784272
455 1.0 0.8334218916046758
456 1.0 0.8336875664187035
457 1.0 0.8328905419766206
458 1.0 0.834750265674814
459 1.0 0.8363443145589798
460 1.0 0.8358129649309245
461 1.0 0.8384697130712009
462 1.0 0.834750265674814
463 1.0 0.8392667375132837
464 1.0 0.8366099893730075
465 1.0 0.8387353878852285
466 1.0 0.8376726886291179
467 1.0 0.8376726886291179
468 1.0 0.8390010626992561
469 1.0 0.8387353878852285
470 1.0 0.8416578108395324
471 1.0 0.8387353878852285
472 1.0 0.8413921360255048
473 1.0 0.8395324123273114
474 1.0 0.8405951115834219
475 1.0 0.8384697130712009
476 1.0 0.8429861849096706
477 1.0 0.8387353878852285
478 1.0 0.8437832093517534
479 1.0 0.8435175345377258
480 1.0 0.842720510095643
481 1.0 0.8493623804463337
482 1.0 0.8403294367693943
483 1.0 0.8472369819341127
484 1.0 0.8464399574920297
485 1.0 0.8459086078639745
486 1.0 0.8477683315621679
487 1.0 0.8467056323060573
488 1.0 0.8496280552603613
489 1.0 0.8477683315621679
490 1.0 0.8475026567481403
491 1.0 0.8512221041445271
492 1.0 0.8504250797024442
493 1.0 0.8461742826780021
494 1.0 0.8512221041445271
495 1.0 0.8480340063761955
496 1.0 0.8490967056323061
497 1.0 0.8496280552603613
498 1.0 0.849893730074389
499 1.0 0.849893730074389
500 1.0 0.849893730074389
501 1.0 0.8512221041445271
502 1.0 0.85201912858661
503 1.0 0.8562699256110521
504 1.0 0.8536131774707758
505 1.0 0.8554729011689692
506 1.0 0.8514877789585548
507 1.0 0.8546758767268863
508 1.0 0.8528161530286928
509 1.0 0.8549415515409139
510 1.0 0.8522848034006376
511 1.0 0.8562699256110521
512 1.0 0.8509564293304994
513 1.0 0.8583953241232731
514 1.0 0.8544102019128587
515 1.0 0.8562699256110521
516 1.0 0.8536131774707758
517 1.0 0.8560042507970245
518 1.0 0.8560042507970245
519 1.0 0.8536131774707758
520 1.0 0.8565356004250797
521 1.0 0.8565356004250797
522 1.0 0.8594580233793836
523 1.0 0.8599893730074389
524 1.0 0.8581296493092455
525 1.0 0.8583953241232731
526 1.0 0.8589266737513284
527 1.0 0.8594580233793836
528 1.0 0.8599893730074389
529 1.0 0.8626461211477152
530 1.0 0.8615834218916046
531 1.0 0.8607863974495218
532 1.0 0.861317747077577
533 1.0 0.861317747077577
534 1.0 0.8610520722635494
535 1.0 0.8605207226354942
536 1.0 0.8650371944739639
537 1.0 0.8618490967056323
538 1.0 0.8631774707757705
539 1.0 0.8637088204038257
540 1.0 0.8615834218916046
541 1.0 0.8618490967056323
542 1.0 0.864240170031881
543 1.0 0.8634431455897981
544 1.0 0.8650371944739639
545 1.0 0.8637088204038257
546 1.0 0.8679596174282678
547 1.0 0.8663655685441021
548 1.0 0.8687566418703507
549 1.0 0.8663655685441021
550 1.0 0.8700850159404888
551 1.0 0.8687566418703507
552 1.0 0.8682252922422954
553 1.0 0.8700850159404888
554 1.0 0.8711477151965994
555 1.0 0.869287991498406
556 1.0 0.8711477151965994
557 1.0 0.8700850159404888
558 1.0 0.871413390010627
559 1.0 0.8703506907545164
560 1.0 0.869287991498406
561 1.0 0.8716790648246546
562 1.0 0.8722104144527099
563 1.0 0.8732731137088204
564 1.0 0.8730074388947928
565 1.0 0.8722104144527099
566 1.0 0.8746014877789585
567 1.0 0.8738044633368757
568 1.0 0.8746014877789585
569 1.0 0.8746014877789585
570 1.0 0.8756641870350691
571 1.0 0.8780552603613178
572 1.0 0.8783209351753454
573 1.0 0.8761955366631243
574 1.0 0.8812433581296493
575 1.0 0.8804463336875664
576 1.0 0.8799149840595112
577 1.0 0.8799149840595112
578 1.0 0.8809776833156217
579 1.0 0.878586609989373
580 1.0 0.8788522848034006
581 1.0 0.879383634431456
582 1.0 0.8812433581296493
583 1.0 0.8809776833156217
584 1.0 0.8796493092454836
585 1.0 0.8812433581296493
586 1.0 0.880712008501594
587 1.0 0.8823060573857598
588 1.0 0.8815090329436769
589 1.0 0.8828374070138151
590 1.0 0.8841657810839533
591 1.0 0.8820403825717322
592 1.0 0.8849628055260361
593 1.0 0.8836344314558979
594 1.0 0.8831030818278427
595 1.0 0.8849628055260361
596 1.0 0.8839001062699257
597 1.0 0.8849628055260361
598 1.0 0.8865568544102019
599 1.0 0.8860255047821467
600 1.0 0.888682252922423
601 1.0 0.888682252922423
602 1.0 0.8865568544102019
603 1.0 0.888682252922423
604 1.0 0.8897449521785334
605 1.0 0.8905419766206164
606 1.0 0.88788522848034
607 1.0 0.8900106269925611
608 1.0 0.888682252922423
609 1.0 0.8897449521785334
610 1.0 0.8897449521785334
611 1.0 0.890807651434644
612 1.0 0.8900106269925611
613 1.0 0.8913390010626993
614 1.0 0.8916046758767269
615 1.0 0.8900106269925611
616 1.0 0.8937300743889479
617 1.0 0.8918703506907545
618 1.0 0.8942614240170031
619 1.0 0.8950584484590861
620 1.0 0.8931987247608927
621 1.0 0.8966524973432518
622 1.0 0.8942614240170031
623 1.0 0.8974495217853348
624 1.0 0.89798087141339
625 1.0 0.8985122210414452
626 1.0 0.8998405951115834
627 1.0 0.8982465462274176
628 1.0 0.8987778958554729
629 1.0 0.8977151965993624
630 1.0 0.8971838469713072
631 1.0 0.89798087141339
632 1.0 0.8977151965993624
633 1.0 0.8987778958554729
634 1.0 0.8982465462274176
635 1.0 0.8987778958554729
636 1.0 0.8987778958554729
637 1.0 0.9006376195536663
638 1.0 0.8998405951115834
639 1.0 0.9003719447396387
640 1.0 0.9011689691817216
641 1.0 0.9003719447396387
642 1.0 0.9022316684378321
643 1.0 0.9019659936238045
644 1.0 0.9017003188097769
645 1.0 0.9027630180658873
646 1.0 0.9038257173219979
647 1.0 0.9022316684378321
648 1.0 0.9038257173219979
649 1.0 0.905154091392136
650 1.0 0.9083421891604676
651 1.0 0.9040913921360255
652 1.0 0.9043570669500531
653 1.0 0.9070138150903294
654 1.0 0.9048884165781084
655 1.0 0.9046227417640808
656 1.0 0.9046227417640808
657 1.0 0.905154091392136
658 1.0 0.9054197662061636
659 1.0 0.9056854410201913
660 1.0 0.9064824654622742
661 1.0 0.9088735387885228
662 1.0 0.9083421891604676
663 1.0 0.9091392136025505
664 1.0 0.9104675876726886
665 1.0 0.9107332624867163
666 1.0 0.9107332624867163
667 1.0 0.9109989373007439
668 1.0 0.9115302869287991
669 1.0 0.9112646121147715
670 1.0 0.9104675876726886
671 1.0 0.9117959617428267
672 1.0 0.9107332624867163
673 1.0 0.9115302869287991
674 1.0 0.9112646121147715
675 1.0 0.9125929861849097
676 1.0 0.9141870350690755
677 1.0 0.9133900106269925
678 1.0 0.9141870350690755
679 1.0 0.9149840595111584
680 1.0 0.9141870350690755
681 1.0 0.9144527098831031
682 1.0 0.9141870350690755
683 1.0 0.9147183846971307
684 1.0 0.9139213602550478
685 1.0 0.9147183846971307
686 1.0 0.9168437832093518
687 1.0 0.9149840595111584
688 1.0 0.9171094580233794
689 1.0 0.9163124335812965
690 1.0 0.9165781083953242
691 1.0 0.9157810839532412
692 1.0 0.9181721572794899
693 1.0 0.9187035069075452
694 1.0 0.9181721572794899
695 1.0 0.9168437832093518
696 1.0 0.9168437832093518
697 1.0 0.9200318809776833
698 1.0 0.9181721572794899
699 1.0 0.9195005313496281
700 1.0 0.9192348565356004
701 1.0 0.9179064824654622
702 1.0 0.9195005313496281
703 1.0 0.9189691817215728
704 1.0 0.9189691817215728
705 1.0 0.9192348565356004
706 1.0 0.9187035069075452
707 1.0 0.9195005313496281
708 1.0 0.9187035069075452
709 1.0 0.9192348565356004
710 1.0 0.9208289054197663
711 1.0 0.9187035069075452
712 1.0 0.9195005313496281
713 1.0 0.9202975557917109
714 1.0 0.9202975557917109
715 1.0 0.9213602550478215
716 1.0 0.9216259298618491
717 1.0 0.9216259298618491
718 1.0 0.9221572794899043
719 1.0 0.9210945802337939
720 1.0 0.922422954303932
721 1.0 0.9229543039319873
722 1.0 0.9229543039319873
723 1.0 0.9221572794899043
724 1.0 0.9240170031880978
725 1.0 0.9248140276301806
726 1.0 0.922422954303932
727 1.0 0.9248140276301806
728 1.0 0.9258767268862912
729 1.0 0.9256110520722636
730 1.0 0.9232199787460149
731 1.0 0.9256110520722636
732 1.0 0.9242826780021254
733 1.0 0.925345377258236
734 1.0 0.9240170031880978
735 1.0 0.924548352816153
736 1.0 0.9248140276301806
737 1.0 0.9264080765143464
738 1.0 0.925345377258236
739 1.0 0.9264080765143464
740 1.0 0.9269394261424017
741 1.0 0.926673751328374
742 1.0 0.9261424017003188
743 1.0 0.9280021253985122
744 1.0 0.9282678002125399
745 1.0 0.9298618490967057
746 1.0 0.9287991498405951
747 1.0 0.9287991498405951
748 1.0 0.9285334750265675
749 1.0 0.9293304994686503
750 1.0 0.9282678002125399
751 1.0 0.9303931987247609
752 1.0 0.9290648246546227
753 1.0 0.9298618490967057
754 1.0 0.9298618490967057
755 1.0 0.9311902231668437
756 1.0 0.9301275239107333
757 1.0 0.9301275239107333
758 1.0 0.929596174282678
759 1.0 0.9301275239107333
760 1.0 0.9303931987247609
761 1.0 0.9309245483528161
762 1.0 0.9309245483528161
763 1.0 0.9319872476089267
764 1.0 0.9317215727948991
765 1.0 0.9309245483528161
766 1.0 0.9317215727948991
767 1.0 0.9322529224229543
768 1.0 0.9322529224229543
769 1.0 0.9338469713071201
770 1.0 0.9338469713071201
771 1.0 0.9333156216790648
772 1.0 0.9327842720510096
773 1.0 0.9322529224229543
774 1.0 0.9335812964930924
775 1.0 0.9338469713071201
776 1.0 0.9338469713071201
777 1.0 0.9351753453772582
778 1.0 0.9341126461211477
779 1.0 0.9343783209351754
780 1.0 0.9359723698193412
781 1.0 0.934643995749203
782 1.0 0.9357066950053134
783 1.0 0.934643995749203
784 1.0 0.9351753453772582
785 1.0 0.9359723698193412
786 1.0 0.936769394261424
787 1.0 0.9365037194473964
788 1.0 0.9362380446333688
789 1.0 0.9359723698193412
790 1.0 0.9359723698193412
791 1.0 0.9373007438894793
792 1.0 0.9380977683315622
793 1.0 0.9365037194473964
794 1.0 0.9386291179596175
795 1.0 0.9378320935175345
796 1.0 0.936769394261424
797 1.0 0.9378320935175345
798 1.0 0.9370350690754516
799 1.0 0.9378320935175345
800 1.0 0.9388947927736451
801 1.0 0.9386291179596175
802 1.0 0.9396918172157279
803 1.0 0.9391604675876727
804 1.0 0.9388947927736451
805 1.0 0.9394261424017003
806 1.0 0.9394261424017003
807 1.0 0.9391604675876727
808 1.0 0.9388947927736451
809 1.0 0.9399574920297555
810 1.0 0.9399574920297555
811 1.0 0.9399574920297555
812 1.0 0.9396918172157279
813 1.0 0.9410201912858661
814 1.0 0.9412858660998937
815 1.0 0.9404888416578109
816 1.0 0.9423485653560042
817 1.0 0.941817215727949
818 1.0 0.941817215727949
819 1.0 0.9426142401700319
820 1.0 0.9426142401700319
821 1.0 0.9426142401700319
822 1.0 0.9426142401700319
823 1.0 0.9436769394261424
824 1.0 0.9442082890541976
825 1.0 0.9436769394261424
826 1.0 0.9426142401700319
827 1.0 0.94394261424017
828 1.0 0.9442082890541976
829 1.0 0.9450053134962806
830 1.0 0.9458023379383634
831 1.0 0.946068012752391
832 1.0 0.9455366631243358
833 1.0 0.9452709883103082
834 1.0 0.946068012752391
835 1.0 0.9479277364505845
836 1.0 0.9479277364505845
837 1.0 0.9473963868225292
838 1.0 0.9465993623804463
839 1.0 0.9473963868225292
840 1.0 0.9487247608926673
841 1.0 0.9473963868225292
842 1.0 0.9471307120085016
843 1.0 0.946865037194474
844 1.0 0.9481934112646121
845 1.0 0.9473963868225292
846 1.0 0.946865037194474
847 1.0 0.9492561105207227
848 1.0 0.9481934112646121
849 1.0 0.9495217853347503
850 1.0 0.9503188097768331
851 1.0 0.9495217853347503
852 1.0 0.9484590860786397
853 1.0 0.9497874601487779
854 1.0 0.9508501594048884
855 1.0 0.9516471838469713
856 1.0 0.9513815090329437
857 1.0 0.9529755579171094
858 1.0 0.9524442082890542
859 1.0 0.951912858660999
860 1.0 0.9505844845908608
861 1.0 0.9513815090329437
862 1.0 0.9516471838469713
863 1.0 0.9511158342189161
864 1.0 0.9516471838469713
865 1.0 0.951912858660999
866 1.0 0.9535069075451648
867 1.0 0.953241232731137
868 1.0 0.9516471838469713
869 1.0 0.951912858660999
870 1.0 0.9535069075451648
871 1.0 0.9527098831030818
872 1.0 0.9524442082890542
873 1.0 0.9521785334750266
874 1.0 0.9548352816153028
875 1.0 0.9553666312433581
876 1.0 0.9553666312433581
877 1.0 0.9556323060573858
878 1.0 0.9553666312433581
879 1.0 0.9535069075451648
880 1.0 0.9556323060573858
881 1.0 0.9551009564293305
882 1.0 0.9553666312433581
883 1.0 0.9548352816153028
884 1.0 0.9558979808714134
885 1.0 0.9556323060573858
886 1.0 0.9566950053134963
887 1.0 0.9556323060573858
888 1.0 0.9551009564293305
889 1.0 0.956163655685441
890 1.0 0.9556323060573858
891 1.0 0.9564293304994687
892 1.0 0.9577577045696068
893 1.0 0.9569606801275239
894 1.0 0.9564293304994687
895 1.0 0.9566950053134963
896 1.0 0.9580233793836345
897 1.0 0.9566950053134963
898 1.0 0.9582890541976621
899 1.0 0.9577577045696068
900 1.0 0.9574920297555791
901 1.0 0.9593517534537725
902 1.0 0.9585547290116897
903 1.0 0.9590860786397449
904 1.0 0.9590860786397449
905 1.0 0.9596174282678002
906 1.0 0.9593517534537725
907 1.0 0.9598831030818279
908 1.0 0.9596174282678002
909 1.0 0.9596174282678002
910 1.0 0.9606801275239107
911 1.0 0.9588204038257173
912 1.0 0.9596174282678002
913 1.0 0.9593517534537725
914 1.0 0.9598831030818279
915 1.0 0.9604144527098831
916 1.0 0.9596174282678002
917 1.0 0.961211477151966
918 1.0 0.9604144527098831
919 1.0 0.961211477151966
920 1.0 0.9620085015940489
921 1.0 0.9614771519659936
922 1.0 0.961211477151966
923 1.0 0.9614771519659936
924 1.0 0.9620085015940489
925 1.0 0.9628055260361318
926 1.0 0.9614771519659936
927 1.0 0.9614771519659936
928 1.0 0.9622741764080766
929 1.0 0.9630712008501594
930 1.0 0.963336875664187
931 1.0 0.9622741764080766
932 1.0 0.9630712008501594
933 1.0 0.9620085015940489
934 1.0 0.9625398512221042
935 1.0 0.96413390010627
936 1.0 0.9638682252922423
937 1.0 0.96413390010627
938 1.0 0.9636025504782146
939 1.0 0.9638682252922423
940 1.0 0.9638682252922423
941 1.0 0.9651965993623804
942 1.0 0.9646652497343252
943 1.0 0.96413390010627
944 1.0 0.9659936238044633
945 1.0 0.9638682252922423
946 1.0 0.9646652497343252
947 1.0 0.9649309245483528
948 1.0 0.9649309245483528
949 1.0 0.9657279489904357
950 1.0 0.9662592986184909
951 1.0 0.9654622741764081
952 1.0 0.9657279489904357
953 1.0 0.9654622741764081
954 1.0 0.9654622741764081
955 1.0 0.9654622741764081
956 1.0 0.9654622741764081
957 1.0 0.9649309245483528
958 1.0 0.9654622741764081
959 1.0 0.9649309245483528
960 1.0 0.9659936238044633
961 1.0 0.9651965993623804
962 1.0 0.9659936238044633
963 1.0 0.9651965993623804
964 1.0 0.9662592986184909
965 1.0 0.9659936238044633
966 1.0 0.9659936238044633
967 1.0 0.9659936238044633
968 1.0 0.9662592986184909
969 1.0 0.9659936238044633
970 1.0 0.9657279489904357
971 1.0 0.9667906482465463
972 1.0 0.9654622741764081
973 1.0 0.9665249734325186
974 1.0 0.9662592986184909
975 1.0 0.9659936238044633
976 1.0 0.9675876726886291
977 1.0 0.9665249734325186
978 1.0 0.9657279489904357
979 1.0 0.9665249734325186
980 1.0 0.9675876726886291
981 1.0 0.9681190223166843
982 1.0 0.9670563230605739
983 1.0 0.9681190223166843
984 1.0 0.9678533475026567
985 1.0 0.9673219978746015
986 1.0 0.9686503719447397
987 1.0 0.9678533475026567
988 1.0 0.9678533475026567
989 1.0 0.9678533475026567
990 1.0 0.9691817215727949
991 1.0 0.9675876726886291
992 1.0 0.9678533475026567
993 1.0 0.9675876726886291
994 1.0 0.9681190223166843
995 1.0 0.9675876726886291
996 1.0 0.9678533475026567
997 1.0 0.9686503719447397
998 1.0 0.968384697130712
999 1.0 0.9678533475026567
1000 1.0 0.9689160467587673
1001 1.0 0.9691817215727949
1002 1.0 0.9673219978746015
1003 1.0 0.9689160467587673
1004 1.0 0.9691817215727949
1005 1.0 0.9689160467587673
1006 1.0 0.9689160467587673
1007 1.0 0.9707757704569607
1008 1.0 0.9694473963868225
1009 1.0 0.9699787460148778
1010 1.0 0.9694473963868225
1011 1.0 0.9689160467587673
1012 1.0 0.9697130712008502
1013 1.0 0.9686503719447397
1014 1.0 0.9697130712008502
1015 1.0 0.9694473963868225
1016 1.0 0.9697130712008502
1017 1.0 0.9689160467587673
1018 1.0 0.9699787460148778
1019 1.0 0.970510095642933
1020 1.0 0.9702444208289054
1021 1.0 0.970510095642933
1022 1.0 0.9702444208289054
1023 1.0 0.9710414452709883
1024 1.0 0.9721041445270988
1025 1.0 0.971307120085016
1026 1.0 0.9715727948990436
1027 1.0 0.9718384697130712
1028 1.0 0.9697130712008502
1029 1.0 0.9707757704569607
1030 1.0 0.9718384697130712
1031 1.0 0.9721041445270988
1032 1.0 0.972635494155154
1033 1.0 0.971307120085016
1034 1.0 0.9718384697130712
1035 1.0 0.971307120085016
1036 1.0 0.9723698193411264
1037 1.0 0.971307120085016
1038 1.0 0.972635494155154
1039 1.0 0.9718384697130712
1040 1.0 0.9729011689691818
1041 1.0 0.9729011689691818
1042 1.0 0.9736981934112646
1043 1.0 0.9721041445270988
1044 1.0 0.972635494155154
1045 1.0 0.9721041445270988
1046 1.0 0.9721041445270988
1047 1.0 0.9721041445270988
1048 1.0 0.9723698193411264
1049 1.0 0.9723698193411264
1050 1.0 0.972635494155154
1051 1.0 0.9729011689691818
1052 1.0 0.9731668437832094
1053 1.0 0.9729011689691818
1054 1.0 0.9731668437832094
1055 1.0 0.9721041445270988
1056 1.0 0.9729011689691818
1057 1.0 0.9736981934112646
1058 1.0 0.973432518597237
1059 1.0 0.973432518597237
1060 1.0 0.9739638682252922
1061 1.0 0.9739638682252922
1062 1.0 0.9742295430393199
1063 1.0 0.9742295430393199
1064 1.0 0.9739638682252922
1065 1.0 0.9747608926673751
1066 1.0 0.9739638682252922
1067 1.0 0.9747608926673751
1068 1.0 0.9747608926673751
1069 1.0 0.9752922422954304
1070 1.0 0.9747608926673751
1071 1.0 0.9747608926673751
1072 1.0 0.975557917109458
1073 1.0 0.9752922422954304
1074 1.0 0.9758235919234857
1075 1.0 0.9758235919234857
1076 1.0 0.9760892667375133
1077 1.0 0.9763549415515409
1078 1.0 0.9752922422954304
1079 1.0 0.975557917109458
1080 1.0 0.9758235919234857
1081 1.0 0.975557917109458
1082 1.0 0.975557917109458
1083 1.0 0.9758235919234857
1084 1.0 0.975557917109458
1085 1.0 0.975557917109458
1086 1.0 0.9760892667375133
1087 1.0 0.9760892667375133
1088 1.0 0.975557917109458
1089 1.0 0.9760892667375133
1090 1.0 0.975557917109458
1091 1.0 0.9760892667375133
1092 1.0 0.9763549415515409
1093 1.0 0.9766206163655685
1094 1.0 0.9766206163655685
1095 1.0 0.9768862911795961
1096 1.0 0.9758235919234857
1097 1.0 0.9763549415515409
1098 1.0 0.9766206163655685
1099 1.0 0.9771519659936238
1100 1.0 0.9776833156216791
1101 1.0 0.9774176408076515
1102 1.0 0.9771519659936238
1103 1.0 0.9771519659936238
1104 1.0 0.9774176408076515
1105 1.0 0.9774176408076515
1106 1.0 0.9776833156216791
1107 1.0 0.9776833156216791
1108 1.0 0.9768862911795961
1109 1.0 0.9768862911795961
1110 1.0 0.9771519659936238
1111 1.0 0.9774176408076515
1112 1.0 0.9776833156216791
1113 1.0 0.9774176408076515
1114 1.0 0.9782146652497343
1115 1.0 0.9771519659936238
1116 1.0 0.9784803400637619
1117 1.0 0.9784803400637619
1118 1.0 0.9782146652497343
1119 1.0 0.9782146652497343
1120 1.0 0.9787460148777896
1121 1.0 0.9787460148777896
1122 1.0 0.9782146652497343
1123 1.0 0.9792773645058448
1124 1.0 0.9787460148777896
1125 1.0 0.9784803400637619
1126 1.0 0.9787460148777896
1127 1.0 0.9790116896918172
1128 1.0 0.9790116896918172
1129 1.0 0.9792773645058448
1130 1.0 0.9787460148777896
1131 1.0 0.9790116896918172
1132 1.0 0.9792773645058448
1133 1.0 0.9795430393198725
1134 1.0 0.9790116896918172
1135 1.0 0.9792773645058448
1136 1.0 0.9792773645058448
1137 1.0 0.9784803400637619
1138 1.0 0.9790116896918172
1139 1.0 0.9795430393198725
1140 1.0 0.9800743889479278
1141 1.0 0.9800743889479278
1142 1.0 0.9803400637619554
1143 1.0 0.9800743889479278
1144 1.0 0.980605738575983
1145 1.0 0.9792773645058448
1146 1.0 0.9803400637619554
1147 1.0 0.9800743889479278
1148 1.0 0.9808714133900106
1149 1.0 0.9803400637619554
1150 1.0 0.9808714133900106
1151 1.0 0.9800743889479278
1152 1.0 0.9798087141339001
1153 1.0 0.980605738575983
1154 1.0 0.9798087141339001
1155 1.0 0.9803400637619554
1156 1.0 0.9803400637619554
1157 1.0 0.9816684378320936
1158 1.0 0.9811370882040382
1159 1.0 0.9814027630180658
1160 1.0 0.9814027630180658
1161 1.0 0.9800743889479278
1162 1.0 0.980605738575983
1163 1.0 0.9803400637619554
1164 1.0 0.980605738575983
1165 1.0 0.9816684378320936
1166 1.0 0.980605738575983
1167 1.0 0.980605738575983
1168 1.0 0.980605738575983
1169 1.0 0.9816684378320936
1170 1.0 0.9816684378320936
1171 1.0 0.9811370882040382
1172 1.0 0.9819341126461212
1173 1.0 0.9824654622741764
1174 1.0 0.982731137088204
1175 1.0 0.9824654622741764
1176 1.0 0.9816684378320936
1177 1.0 0.9819341126461212
1178 1.0 0.982731137088204
1179 1.0 0.9832624867162593
1180 1.0 0.9835281615302869
1181 1.0 0.9829968119022316
1182 1.0 0.9835281615302869
1183 1.0 0.9843251859723698
1184 1.0 0.9835281615302869
1185 1.0 0.9832624867162593
1186 1.0 0.9835281615302869
1187 1.0 0.9829968119022316
1188 1.0 0.9835281615302869
1189 1.0 0.9840595111583422
1190 1.0 0.9840595111583422
1191 1.0 0.9843251859723698
1192 1.0 0.9848565356004251
1193 1.0 0.9843251859723698
1194 1.0 0.9851222104144527
1195 1.0 0.9851222104144527
1196 1.0 0.9845908607863975
1197 1.0 0.9840595111583422
1198 1.0 0.9832624867162593
1199 1.0 0.9843251859723698
1200 1.0 0.9840595111583422
1201 1.0 0.9843251859723698
1202 1.0 0.9856535600425079
1203 1.0 0.9845908607863975
1204 1.0 0.9859192348565357
1205 1.0 0.9853878852284803
1206 1.0 0.9861849096705633
1207 1.0 0.9859192348565357
1208 1.0 0.9861849096705633
1209 1.0 0.9867162592986185
1210 1.0 0.9859192348565357
1211 1.0 0.9859192348565357
1212 1.0 0.9864505844845909
1213 1.0 0.9867162592986185
1214 1.0 0.987778958554729
1215 1.0 0.9872476089266737
1216 1.0 0.9880446333687567
1217 1.0 0.9872476089266737
1218 1.0 0.9875132837407014
1219 1.0 0.987778958554729
1220 1.0 0.9869819341126461
1221 1.0 0.9867162592986185
1222 1.0 0.9872476089266737
1223 1.0 0.9869819341126461
1224 1.0 0.9880446333687567
1225 1.0 0.9872476089266737
1226 1.0 0.9869819341126461
1227 1.0 0.9872476089266737
1228 1.0 0.9869819341126461
1229 1.0 0.9888416578108395
1230 1.0 0.9880446333687567
1231 1.0 0.9880446333687567
1232 1.0 0.987778958554729
1233 1.0 0.9880446333687567
1234 1.0 0.9880446333687567
1235 1.0 0.9888416578108395
1236 1.0 0.9885759829968119
1237 1.0 0.9888416578108395
1238 1.0 0.9883103081827843
1239 1.0 0.9888416578108395
1240 1.0 0.9883103081827843
1241 1.0 0.9891073326248672
1242 1.0 0.9891073326248672
1243 1.0 0.9896386822529224
1244 1.0 0.9893730074388948
1245 1.0 0.9896386822529224
1246 1.0 0.9893730074388948
1247 1.0 0.9891073326248672
1248 1.0 0.9893730074388948
1249 1.0 0.98990435706695
1250 1.0 0.9891073326248672
1251 1.0 0.9896386822529224
1252 1.0 0.9885759829968119
1253 1.0 0.9901700318809776
1254 1.0 0.9891073326248672
1255 1.0 0.9885759829968119
1256 1.0 0.9888416578108395
1257 1.0 0.9901700318809776
1258 1.0 0.9893730074388948
1259 1.0 0.98990435706695
1260 1.0 0.9901700318809776
1261 1.0 0.98990435706695
1262 1.0 0.9901700318809776
1263 1.0 0.9904357066950054
1264 1.0 0.9904357066950054
1265 1.0 0.990701381509033
1266 1.0 0.990701381509033
1267 1.0 0.990701381509033
1268 1.0 0.9909670563230606
1269 1.0 0.9909670563230606
1270 1.0 0.9901700318809776
1271 1.0 0.9914984059511158
1272 1.0 0.9904357066950054
1273 1.0 0.9912327311370882
1274 1.0 0.9912327311370882
1275 1.0 0.990701381509033
1276 1.0 0.9912327311370882
1277 1.0 0.9914984059511158
1278 1.0 0.990701381509033
1279 1.0 0.9912327311370882
1280 1.0 0.9909670563230606
1281 1.0 0.9909670563230606
1282 1.0 0.990701381509033
1283 1.0 0.990701381509033
1284 1.0 0.9912327311370882
1285 1.0 0.9909670563230606
1286 1.0 0.9912327311370882
1287 1.0 0.9914984059511158
1288 1.0 0.9914984059511158
1289 1.0 0.9917640807651434
1290 1.0 0.9912327311370882
1291 1.0 0.9914984059511158
1292 1.0 0.9917640807651434
1293 1.0 0.9920297555791711
1294 1.0 0.9917640807651434
1295 1.0 0.9917640807651434
1296 1.0 0.9917640807651434
1297 1.0 0.9920297555791711
1298 1.0 0.9920297555791711
1299 1.0 0.9917640807651434
1300 1.0 0.9914984059511158
1301 1.0 0.9912327311370882
1302 1.0 0.9920297555791711
1303 1.0 0.9925611052072264
1304 1.0 0.9914984059511158
1305 1.0 0.9925611052072264
1306 1.0 0.9922954303931987
1307 1.0 0.9922954303931987
1308 1.0 0.9922954303931987
1309 1.0 0.9920297555791711
1310 1.0 0.9917640807651434
1311 1.0 0.9920297555791711
1312 1.0 0.9917640807651434
1313 1.0 0.9917640807651434
1314 1.0 0.9922954303931987
1315 1.0 0.9920297555791711
1316 1.0 0.9922954303931987
1317 1.0 0.9922954303931987
1318 1.0 0.9917640807651434
1319 1.0 0.9925611052072264
1320 1.0 0.9922954303931987
1321 1.0 0.9920297555791711
1322 1.0 0.9922954303931987
1323 1.0 0.992826780021254
1324 1.0 0.9925611052072264
1325 1.0 0.9925611052072264
1326 1.0 0.9920297555791711
1327 1.0 0.9920297555791711
1328 1.0 0.9922954303931987
1329 1.0 0.9922954303931987
1330 1.0 0.992826780021254
1331 1.0 0.9925611052072264
1332 1.0 0.992826780021254
1333 1.0 0.9925611052072264
1334 1.0 0.9930924548352816
1335 1.0 0.992826780021254
1336 1.0 0.992826780021254
1337 1.0 0.992826780021254
1338 1.0 0.992826780021254
1339 1.0 0.992826780021254
1340 1.0 0.992826780021254
1341 1.0 0.9925611052072264
1342 1.0 0.992826780021254
1343 1.0 0.992826780021254
1344 1.0 0.992826780021254
1345 1.0 0.992826780021254
1346 1.0 0.9925611052072264
1347 1.0 0.992826780021254
1348 1.0 0.9933581296493093
1349 1.0 0.992826780021254
1350 1.0 0.9930924548352816
1351 1.0 0.9930924548352816
1352 1.0 0.9930924548352816
1353 1.0 0.992826780021254
1354 1.0 0.9930924548352816
1355 1.0 0.9933581296493093
1356 1.0 0.9930924548352816
1357 1.0 0.992826780021254
1358 1.0 0.992826780021254
1359 1.0 0.992826780021254
1360 1.0 0.9930924548352816
1361 1.0 0.992826780021254
1362 1.0 0.9933581296493093
1363 1.0 0.992826780021254
1364 1.0 0.9933581296493093
1365 1.0 0.9933581296493093
1366 1.0 0.9933581296493093
1367 1.0 0.9933581296493093
1368 1.0 0.9930924548352816
1369 1.0 0.9930924548352816
1370 1.0 0.9933581296493093
1371 1.0 0.9933581296493093
1372 1.0 0.992826780021254
1373 1.0 0.9930924548352816
1374 1.0 0.9933581296493093
1375 1.0 0.992826780021254
1376 1.0 0.9936238044633369
1377 1.0 0.9938894792773645
1378 1.0 0.9933581296493093
1379 1.0 0.9936238044633369
1380 1.0 0.9936238044633369
1381 1.0 0.9936238044633369
1382 1.0 0.9933581296493093
1383 1.0 0.9941551540913921
1384 1.0 0.9938894792773645
1385 1.0 0.9933581296493093
1386 1.0 0.9936238044633369
1387 1.0 0.9941551540913921
1388 1.0 0.9936238044633369
1389 1.0 0.9941551540913921
1390 1.0 0.9941551540913921
1391 1.0 0.9941551540913921
1392 1.0 0.9941551540913921
1393 1.0 0.9938894792773645
1394 1.0 0.9936238044633369
1395 1.0 0.9941551540913921
1396 1.0 0.9946865037194474
1397 1.0 0.9941551540913921
1398 1.0 0.9936238044633369
1399 1.0 0.9946865037194474
1400 1.0 0.9941551540913921
1401 1.0 0.9938894792773645
1402 1.0 0.9944208289054197
1403 1.0 0.9944208289054197
1404 1.0 0.9944208289054197
1405 1.0 0.9946865037194474
1406 1.0 0.9946865037194474
1407 1.0 0.9946865037194474
1408 1.0 0.9946865037194474
1409 1.0 0.9944208289054197
1410 1.0 0.9944208289054197
1411 1.0 0.9941551540913921
1412 1.0 0.9944208289054197
1413 1.0 0.9949521785334751
1414 1.0 0.9949521785334751
1415 1.0 0.9944208289054197
1416 1.0 0.9946865037194474
1417 1.0 0.9949521785334751
1418 1.0 0.9944208289054197
1419 1.0 0.9952178533475027
1420 1.0 0.9949521785334751
1421 1.0 0.9949521785334751
1422 1.0 0.9954835281615303
1423 1.0 0.9944208289054197
1424 1.0 0.9949521785334751
1425 1.0 0.9952178533475027
1426 1.0 0.9944208289054197
1427 1.0 0.9946865037194474
1428 1.0 0.9949521785334751
1429 1.0 0.9954835281615303
1430 1.0 0.9949521785334751
1431 1.0 0.9952178533475027
1432 1.0 0.9946865037194474
1433 1.0 0.9957492029755579
1434 1.0 0.9949521785334751
1435 1.0 0.9949521785334751
1436 1.0 0.9949521785334751
1437 1.0 0.9952178533475027
1438 1.0 0.9949521785334751
1439 1.0 0.9946865037194474
1440 1.0 0.9949521785334751
1441 1.0 0.9954835281615303
1442 1.0 0.9952178533475027
1443 1.0 0.9946865037194474
1444 1.0 0.9952178533475027
1445 1.0 0.9952178533475027
1446 1.0 0.9952178533475027
1447 1.0 0.9946865037194474
1448 1.0 0.9949521785334751
1449 1.0 0.9946865037194474
1450 1.0 0.9949521785334751
1451 1.0 0.9949521785334751
1452 1.0 0.9952178533475027
1453 1.0 0.9952178533475027
1454 1.0 0.9954835281615303
1455 1.0 0.9954835281615303
1456 1.0 0.9957492029755579
1457 1.0 0.9952178533475027
1458 1.0 0.9952178533475027
1459 1.0 0.9957492029755579
1460 1.0 0.9954835281615303
1461 1.0 0.9954835281615303
1462 1.0 0.9952178533475027
1463 1.0 0.9952178533475027
1464 1.0 0.9954835281615303
1465 1.0 0.9952178533475027
1466 1.0 0.9952178533475027
1467 1.0 0.9949521785334751
1468 1.0 0.9954835281615303
1469 1.0 0.9949521785334751
1470 1.0 0.9949521785334751
1471 1.0 0.9954835281615303
1472 1.0 0.9946865037194474
1473 1.0 0.9954835281615303
1474 1.0 0.9952178533475027
1475 1.0 0.9957492029755579
1476 1.0 0.9957492029755579
1477 1.0 0.9952178533475027
1478 1.0 0.9954835281615303
1479 1.0 0.9957492029755579
1480 1.0 0.9952178533475027
1481 1.0 0.9957492029755579
1482 1.0 0.9957492029755579
1483 1.0 0.9952178533475027
1484 1.0 0.9957492029755579
1485 1.0 0.9957492029755579
1486 1.0 0.9954835281615303
1487 1.0 0.9962805526036131
1488 1.0 0.9957492029755579
1489 1.0 0.9960148777895855
1490 1.0 0.9957492029755579
1491 1.0 0.9957492029755579
1492 1.0 0.9957492029755579
1493 1.0 0.9962805526036131
1494 1.0 0.9954835281615303
1495 1.0 0.9954835281615303
1496 1.0 0.9957492029755579
1497 1.0 0.9962805526036131
1498 1.0 0.9962805526036131
1499 1.0 0.9965462274176408
1500 1.0 0.9960148777895855
1501 1.0 0.9960148777895855
1502 1.0 0.9962805526036131
1503 1.0 0.9962805526036131
1504 1.0 0.9965462274176408
1505 1.0 0.9962805526036131
1506 1.0 0.9968119022316685
1507 1.0 0.9965462274176408
1508 1.0 0.9965462274176408
1509 1.0 0.9960148777895855
1510 1.0 0.9962805526036131
1511 1.0 0.9962805526036131
1512 1.0 0.9962805526036131
1513 1.0 0.9965462274176408
1514 1.0 0.9968119022316685
1515 1.0 0.9965462274176408
1516 1.0 0.9965462274176408
1517 1.0 0.9968119022316685
1518 1.0 0.9968119022316685
1519 1.0 0.9968119022316685
1520 1.0 0.9965462274176408
1521 1.0 0.9970775770456961
1522 1.0 0.9968119022316685
1523 1.0 0.9968119022316685
1524 1.0 0.9970775770456961
1525 1.0 0.9965462274176408
1526 1.0 0.9970775770456961
1527 1.0 0.9970775770456961
1528 1.0 0.9968119022316685
1529 1.0 0.9970775770456961
1530 1.0 0.9965462274176408
1531 1.0 0.9968119022316685
1532 1.0 0.9965462274176408
1533 1.0 0.9970775770456961
1534 1.0 0.9965462274176408
1535 1.0 0.9970775770456961
1536 1.0 0.9968119022316685
1537 1.0 0.9968119022316685
1538 1.0 0.9968119022316685
1539 1.0 0.9970775770456961
1540 1.0 0.9970775770456961
1541 1.0 0.9965462274176408
1542 1.0 0.9973432518597237
1543 1.0 0.9970775770456961
1544 1.0 0.9970775770456961
1545 1.0 0.9970775770456961
1546 1.0 0.9973432518597237
1547 1.0 0.9976089266737513
1548 1.0 0.9970775770456961
1549 1.0 0.9973432518597237
1550 1.0 0.9976089266737513
1551 1.0 0.9968119022316685
1552 1.0 0.9968119022316685
1553 1.0 0.9973432518597237
1554 1.0 0.9968119022316685
1555 1.0 0.9970775770456961
1556 1.0 0.9976089266737513
1557 1.0 0.9973432518597237
1558 1.0 0.9973432518597237
1559 1.0 0.9970775770456961
1560 1.0 0.9973432518597237
1561 1.0 0.9973432518597237
1562 1.0 0.9970775770456961
1563 1.0 0.9973432518597237
1564 1.0 0.9970775770456961
1565 1.0 0.9973432518597237
1566 1.0 0.9973432518597237
1567 1.0 0.9976089266737513
1568 1.0 0.9970775770456961
1569 1.0 0.997874601487779
1570 1.0 0.9970775770456961
1571 1.0 0.9970775770456961
1572 1.0 0.9970775770456961
1573 1.0 0.9973432518597237
1574 1.0 0.9973432518597237
1575 1.0 0.9970775770456961
1576 1.0 0.9973432518597237
1577 1.0 0.9973432518597237
1578 1.0 0.9968119022316685
1579 1.0 0.9973432518597237
1580 1.0 0.9973432518597237
1581 1.0 0.9970775770456961
1582 1.0 0.9970775770456961
1583 1.0 0.9973432518597237
1584 1.0 0.9973432518597237
1585 1.0 0.9973432518597237
1586 1.0 0.9976089266737513
1587 1.0 0.9970775770456961
1588 1.0 0.9973432518597237
1589 1.0 0.9973432518597237
1590 1.0 0.9976089266737513
1591 1.0 0.9976089266737513
1592 1.0 0.9976089266737513
1593 1.0 0.9976089266737513
1594 1.0 0.9970775770456961
1595 1.0 0.9973432518597237
1596 1.0 0.9973432518597237
1597 1.0 0.9976089266737513
1598 1.0 0.9981402763018066
1599 1.0 0.9976089266737513
1600 1.0 0.9976089266737513
1601 1.0 0.9973432518597237
1602 1.0 0.9976089266737513
1603 1.0 0.997874601487779
1604 1.0 0.9976089266737513
1605 1.0 0.9973432518597237
1606 1.0 0.997874601487779
1607 1.0 0.9973432518597237
1608 1.0 0.997874601487779
1609 1.0 0.9973432518597237
1610 1.0 0.997874601487779
1611 1.0 0.997874601487779
1612 1.0 0.997874601487779
1613 1.0 0.9973432518597237
1614 1.0 0.9981402763018066
1615 1.0 0.997874601487779
1616 1.0 0.997874601487779
1617 1.0 0.9976089266737513
1618 1.0 0.997874601487779
1619 1.0 0.9981402763018066
1620 1.0 0.997874601487779
1621 1.0 0.9981402763018066
1622 1.0 0.997874601487779
1623 1.0 0.9976089266737513
1624 1.0 0.997874601487779
1625 1.0 0.9976089266737513
1626 1.0 0.9976089266737513
1627 1.0 0.997874601487779
1628 1.0 0.997874601487779
1629 1.0 0.9976089266737513
1630 1.0 0.997874601487779
1631 1.0 0.9981402763018066
1632 1.0 0.9981402763018066
1633 1.0 0.9984059511158342
1634 1.0 0.997874601487779
1635 1.0 0.997874601487779
1636 1.0 0.9984059511158342
1637 1.0 0.9981402763018066
1638 1.0 0.997874601487779
1639 1.0 0.997874601487779
1640 1.0 0.997874601487779
1641 1.0 0.9981402763018066
1642 1.0 0.997874601487779
1643 1.0 0.9981402763018066
1644 1.0 0.9981402763018066
1645 1.0 0.9981402763018066
1646 1.0 0.997874601487779
1647 1.0 0.9981402763018066
1648 1.0 0.9981402763018066
1649 1.0 0.9981402763018066
1650 1.0 0.997874601487779
1651 1.0 0.9984059511158342
1652 1.0 0.9981402763018066
1653 1.0 0.997874601487779
1654 1.0 0.997874601487779
1655 1.0 0.997874601487779
1656 1.0 0.997874601487779
1657 1.0 0.9981402763018066
1658 1.0 0.9981402763018066
1659 1.0 0.997874601487779
1660 1.0 0.9981402763018066
1661 1.0 0.9981402763018066
1662 1.0 0.9981402763018066
1663 1.0 0.9981402763018066
1664 1.0 0.997874601487779
1665 1.0 0.9984059511158342
1666 1.0 0.9984059511158342
1667 1.0 0.9984059511158342
1668 1.0 0.9984059511158342
1669 1.0 0.9981402763018066
1670 1.0 0.9981402763018066
1671 1.0 0.9981402763018066
1672 1.0 0.9981402763018066
1673 1.0 0.9984059511158342
1674 1.0 0.9984059511158342
1675 1.0 0.9981402763018066
1676 1.0 0.9981402763018066
1677 1.0 0.9981402763018066
1678 1.0 0.9984059511158342
1679 1.0 0.9984059511158342
1680 1.0 0.9984059511158342
1681 1.0 0.9981402763018066
1682 1.0 0.9984059511158342
1683 1.0 0.9984059511158342
1684 1.0 0.9981402763018066
1685 1.0 0.9984059511158342
1686 1.0 0.9976089266737513
1687 1.0 0.9981402763018066
1688 1.0 0.9981402763018066
1689 1.0 0.9981402763018066
1690 1.0 0.9981402763018066
1691 1.0 0.9984059511158342
1692 1.0 0.9981402763018066
1693 1.0 0.9981402763018066
1694 1.0 0.9984059511158342
1695 1.0 0.9984059511158342
1696 1.0 0.9981402763018066
1697 1.0 0.9984059511158342
1698 1.0 0.9984059511158342
1699 1.0 0.9984059511158342
1700 1.0 0.9984059511158342
1701 1.0 0.9984059511158342
1702 1.0 0.9984059511158342
1703 1.0 0.9984059511158342
1704 1.0 0.9984059511158342
1705 1.0 0.9984059511158342
1706 1.0 0.9984059511158342
1707 1.0 0.9984059511158342
1708 1.0 0.9984059511158342
1709 1.0 0.9984059511158342
1710 1.0 0.9984059511158342
1711 1.0 0.9984059511158342
1712 1.0 0.9984059511158342
1713 1.0 0.9984059511158342
1714 1.0 0.9984059511158342
1715 1.0 0.9984059511158342
1716 1.0 0.9984059511158342
1717 1.0 0.9984059511158342
1718 1.0 0.9984059511158342
1719 1.0 0.9984059511158342
1720 1.0 0.9984059511158342
1721 1.0 0.9984059511158342
1722 1.0 0.9984059511158342
1723 1.0 0.9984059511158342
1724 1.0 0.9984059511158342
1725 1.0 0.9986716259298618
1726 1.0 0.9984059511158342
1727 1.0 0.9984059511158342
1728 1.0 0.9984059511158342
1729 1.0 0.9984059511158342
1730 1.0 0.9984059511158342
1731 1.0 0.9984059511158342
1732 1.0 0.9984059511158342
1733 1.0 0.9984059511158342
1734 1.0 0.9984059511158342
1735 1.0 0.9984059511158342
1736 1.0 0.9984059511158342
1737 1.0 0.9984059511158342
1738 1.0 0.9984059511158342
1739 1.0 0.9984059511158342
1740 1.0 0.9984059511158342
1741 1.0 0.9984059511158342
1742 1.0 0.9984059511158342
1743 1.0 0.9984059511158342
1744 1.0 0.9984059511158342
1745 1.0 0.9984059511158342
1746 1.0 0.9984059511158342
1747 1.0 0.9984059511158342
1748 1.0 0.9984059511158342
1749 1.0 0.9984059511158342
1750 1.0 0.9984059511158342
1751 1.0 0.9984059511158342
1752 1.0 0.9984059511158342
1753 1.0 0.9984059511158342
1754 1.0 0.9984059511158342
1755 1.0 0.9984059511158342
1756 1.0 0.9984059511158342
1757 1.0 0.9984059511158342
1758 1.0 0.9984059511158342
1759 1.0 0.9984059511158342
1760 1.0 0.9984059511158342
1761 1.0 0.9984059511158342
1762 1.0 0.9984059511158342
1763 1.0 0.9984059511158342
1764 1.0 0.9984059511158342
1765 1.0 0.9984059511158342
1766 1.0 0.9984059511158342
1767 1.0 0.9984059511158342
1768 1.0 0.9984059511158342
1769 1.0 0.9984059511158342
1770 1.0 0.9984059511158342
1771 1.0 0.9984059511158342
1772 1.0 0.9984059511158342
1773 1.0 0.9984059511158342
1774 1.0 0.9984059511158342
1775 1.0 0.9984059511158342
1776 1.0 0.9984059511158342
1777 1.0 0.9984059511158342
1778 1.0 0.9984059511158342
1779 1.0 0.9984059511158342
1780 1.0 0.9984059511158342
1781 1.0 0.9984059511158342
1782 1.0 0.9984059511158342
1783 1.0 0.9984059511158342
1784 1.0 0.9984059511158342
1785 1.0 0.9984059511158342
1786 1.0 0.9984059511158342
1787 1.0 0.9984059511158342
1788 1.0 0.9984059511158342
1789 1.0 0.9984059511158342
1790 1.0 0.9984059511158342
1791 1.0 0.9984059511158342
1792 1.0 0.9984059511158342
1793 1.0 0.9984059511158342
1794 1.0 0.9984059511158342
1795 1.0 0.9984059511158342
1796 1.0 0.9984059511158342
1797 1.0 0.9984059511158342
1798 1.0 0.9984059511158342
1799 1.0 0.9984059511158342
1800 1.0 0.9984059511158342
1801 1.0 0.9984059511158342
1802 1.0 0.9984059511158342
1803 1.0 0.9984059511158342
1804 1.0 0.9984059511158342
1805 1.0 0.9984059511158342
1806 1.0 0.9984059511158342
1807 1.0 0.9984059511158342
1808 1.0 0.9984059511158342
1809 1.0 0.9984059511158342
1810 1.0 0.9984059511158342
1811 1.0 0.9984059511158342
1812 1.0 0.9986716259298618
1813 1.0 0.9984059511158342
1814 1.0 0.9984059511158342
1815 1.0 0.9984059511158342
1816 1.0 0.9986716259298618
1817 1.0 0.9986716259298618
1818 1.0 0.9984059511158342
1819 1.0 0.9986716259298618
1820 1.0 0.9986716259298618
1821 1.0 0.9984059511158342
1822 1.0 0.9984059511158342
1823 1.0 0.9984059511158342
1824 1.0 0.9984059511158342
1825 1.0 0.9984059511158342
1826 1.0 0.9984059511158342
1827 1.0 0.9986716259298618
1828 1.0 0.9984059511158342
1829 1.0 0.9986716259298618
1830 1.0 0.9984059511158342
1831 1.0 0.9984059511158342
1832 1.0 0.9984059511158342
1833 1.0 0.9984059511158342
1834 1.0 0.9986716259298618
1835 1.0 0.9986716259298618
1836 1.0 0.9984059511158342
1837 1.0 0.9984059511158342
1838 1.0 0.9984059511158342
1839 1.0 0.9986716259298618
1840 1.0 0.9984059511158342
1841 1.0 0.9986716259298618
1842 1.0 0.9984059511158342
1843 1.0 0.9986716259298618
1844 1.0 0.9984059511158342
1845 1.0 0.9984059511158342
1846 1.0 0.9986716259298618
1847 1.0 0.9986716259298618
1848 1.0 0.9984059511158342
1849 1.0 0.9986716259298618
1850 1.0 0.9984059511158342
1851 1.0 0.9984059511158342
1852 1.0 0.9986716259298618
1853 1.0 0.9986716259298618
1854 1.0 0.9984059511158342
1855 1.0 0.9984059511158342
1856 1.0 0.9986716259298618
1857 1.0 0.9986716259298618
1858 1.0 0.9986716259298618
1859 1.0 0.9986716259298618
1860 1.0 0.9986716259298618
1861 1.0 0.9986716259298618
1862 1.0 0.9986716259298618
1863 1.0 0.9984059511158342
1864 1.0 0.9986716259298618
1865 1.0 0.9986716259298618
1866 1.0 0.9986716259298618
1867 1.0 0.9986716259298618
1868 1.0 0.9986716259298618
1869 1.0 0.9986716259298618
1870 1.0 0.9986716259298618
1871 1.0 0.9986716259298618
1872 1.0 0.9986716259298618
1873 1.0 0.9986716259298618
1874 1.0 0.9986716259298618
1875 1.0 0.9986716259298618
1876 1.0 0.9986716259298618
1877 1.0 0.9986716259298618
1878 1.0 0.9986716259298618
1879 1.0 0.9986716259298618
1880 1.0 0.9984059511158342
1881 1.0 0.9986716259298618
1882 1.0 0.9984059511158342
1883 1.0 0.9984059511158342
1884 1.0 0.9986716259298618
1885 1.0 0.9986716259298618
1886 1.0 0.9986716259298618
1887 1.0 0.9984059511158342
1888 1.0 0.9986716259298618
1889 1.0 0.9986716259298618
1890 1.0 0.9986716259298618
1891 1.0 0.9986716259298618
1892 1.0 0.9984059511158342
1893 1.0 0.9986716259298618
1894 1.0 0.9989373007438895
1895 1.0 0.9986716259298618
1896 1.0 0.9986716259298618
1897 1.0 0.9986716259298618
1898 1.0 0.9986716259298618
1899 1.0 0.9986716259298618
1900 1.0 0.9986716259298618
1901 1.0 0.9986716259298618
1902 1.0 0.9986716259298618
1903 1.0 0.9986716259298618
1904 1.0 0.9986716259298618
1905 1.0 0.9986716259298618
1906 1.0 0.9986716259298618
1907 1.0 0.9986716259298618
1908 1.0 0.9986716259298618
1909 1.0 0.9986716259298618
1910 1.0 0.9986716259298618
1911 1.0 0.9986716259298618
1912 1.0 0.9986716259298618
1913 1.0 0.9986716259298618
1914 1.0 0.9986716259298618
1915 1.0 0.9986716259298618
1916 1.0 0.9986716259298618
1917 1.0 0.9986716259298618
1918 1.0 0.9986716259298618
1919 1.0 0.9984059511158342
1920 1.0 0.9986716259298618
1921 1.0 0.9986716259298618
1922 1.0 0.9986716259298618
1923 1.0 0.9986716259298618
1924 1.0 0.9986716259298618
1925 1.0 0.9986716259298618
1926 1.0 0.9986716259298618
1927 1.0 0.9986716259298618
1928 1.0 0.9986716259298618
1929 1.0 0.9986716259298618
1930 1.0 0.9986716259298618
1931 1.0 0.9986716259298618
1932 1.0 0.9986716259298618
1933 1.0 0.9986716259298618
1934 1.0 0.9986716259298618
1935 1.0 0.9984059511158342
1936 1.0 0.9986716259298618
1937 1.0 0.9986716259298618
1938 1.0 0.9986716259298618
1939 1.0 0.9986716259298618
1940 1.0 0.9986716259298618
1941 1.0 0.9986716259298618
1942 1.0 0.9986716259298618
1943 1.0 0.9986716259298618
1944 1.0 0.9986716259298618
1945 1.0 0.9986716259298618
1946 1.0 0.9986716259298618
1947 1.0 0.9986716259298618
1948 1.0 0.9986716259298618
1949 1.0 0.9986716259298618
1950 1.0 0.9986716259298618
1951 1.0 0.9986716259298618
1952 1.0 0.9986716259298618
1953 1.0 0.9986716259298618
1954 1.0 0.9986716259298618
1955 1.0 0.9986716259298618
1956 1.0 0.9986716259298618
1957 1.0 0.9986716259298618
1958 1.0 0.9986716259298618
1959 1.0 0.9986716259298618
1960 1.0 0.9986716259298618
1961 1.0 0.9986716259298618
1962 1.0 0.9986716259298618
1963 1.0 0.9986716259298618
1964 1.0 0.9986716259298618
1965 1.0 0.9986716259298618
1966 1.0 0.9986716259298618
1967 1.0 0.9986716259298618
1968 1.0 0.9984059511158342
1969 1.0 0.9986716259298618
1970 1.0 0.9986716259298618
1971 1.0 0.9986716259298618
1972 1.0 0.9986716259298618
1973 1.0 0.9984059511158342
1974 1.0 0.9986716259298618
1975 1.0 0.9984059511158342
1976 1.0 0.9986716259298618
1977 1.0 0.9986716259298618
1978 1.0 0.9986716259298618
1979 1.0 0.9986716259298618
1980 1.0 0.9986716259298618
1981 1.0 0.9986716259298618
1982 1.0 0.9984059511158342
1983 1.0 0.9986716259298618
1984 1.0 0.9986716259298618
1985 1.0 0.9989373007438895
1986 1.0 0.9986716259298618
1987 1.0 0.9984059511158342
1988 1.0 0.9986716259298618
1989 1.0 0.9986716259298618
1990 1.0 0.9989373007438895
1991 1.0 0.9986716259298618
1992 1.0 0.9986716259298618
1993 1.0 0.9986716259298618
1994 1.0 0.9986716259298618
1995 1.0 0.9986716259298618
1996 1.0 0.9989373007438895
1997 1.0 0.9989373007438895
1998 1.0 0.9989373007438895
1999 1.0 0.9986716259298618
2000 1.0 0.9986716259298618
