1 0.010841836734693877 0.009989373007438894
2 0.010841836734693877 0.008501594048884165
3 0.011479591836734694 0.00871413390010627
4 0.010841836734693877 0.010626992561105207
5 0.012542517006802721 0.008076514346439958
6 0.0116921768707483 0.008076514346439958
7 0.013180272108843538 0.005738575982996812
8 0.01211734693877551 0.008501594048884165
9 0.01445578231292517 0.006801275239107333
10 0.013180272108843538 0.007438894792773645
11 0.0116921768707483 0.00871413390010627
12 0.011054421768707483 0.009564293304994687
13 0.011054421768707483 0.009564293304994687
14 0.012329931972789115 0.008501594048884165
15 0.011054421768707483 0.008926673751328374
16 0.013818027210884353 0.006588735387885228
17 0.018282312925170068 0.0034006376195536664
18 0.012329931972789115 0.008289054197662061
19 0.012542517006802721 0.00871413390010627
20 0.011904761904761904 0.008926673751328374
21 0.01211734693877551 0.008501594048884165
22 0.01594387755102041 0.0038257173219978747
23 0.02147108843537415 0.001487778958554729
24 0.01403061224489796 0.007863974495217854
25 0.02295918367346939 0.0008501594048884166
26 0.02189625850340136 0.0017003188097768332
27 0.01764455782312925 0.004038257173219979
28 0.021045918367346938 0.0008501594048884166
29 0.02040816326530612 0.0012752391073326248
30 0.024447278911564625 0.00021253985122210415
31 0.022534013605442178 0.0004250797024442083
32 0.022534013605442178 0.0010626992561105207
33 0.02423469387755102 0.0006376195536663124
34 0.024022108843537414 0.00021253985122210415
35 0.025297619047619048 0.0006376195536663124
36 0.023596938775510203 0.00021253985122210415
37 0.024447278911564625 0.00021253985122210415
38 0.023171768707482995 0.0004250797024442083
39 0.026785714285714284 0.00021253985122210415
40 0.026785714285714284 0.0
41 0.02848639455782313 0.0
42 0.02848639455782313 0.0
43 0.0274234693877551 0.00021253985122210415
44 0.02848639455782313 0.0
45 0.025935374149659865 0.0
46 0.02848639455782313 0.0004250797024442083
47 0.02806122448979592 0.0
48 0.031037414965986394 0.0
49 0.029974489795918366 0.0
50 0.02891156462585034 0.0
51 0.03125 0.00021253985122210415
52 0.03316326530612245 0.0
53 0.03358843537414966 0.0
54 0.03210034013605442 0.0
55 0.030399659863945577 0.0
56 0.03273809523809524 0.0
57 0.031037414965986394 0.0
58 0.030399659863945577 0.0
59 0.03273809523809524 0.0
60 0.03358843537414966 0.0
61 0.03550170068027211 0.0
62 0.034651360544217684 0.0
63 0.036989795918367346 0.0
64 0.036564625850340135 0.0
65 0.03784013605442177 0.0
66 0.035076530612244895 0.0
67 0.04017857142857143 0.0
68 0.03358843537414966 0.00021253985122210415
69 0.036564625850340135 0.0
70 0.038477891156462586 0.0
71 0.03677721088435374 0.0
72 0.04102891156462585 0.0
73 0.03720238095238095 0.0
74 0.04124149659863945 0.0
75 0.04336734693877551 0.0
76 0.0391156462585034 0.0
77 0.04379251700680272 0.0
78 0.04570578231292517 0.0
79 0.042091836734693876 0.0
80 0.048681972789115645 0.0
81 0.04528061224489796 0.0
82 0.047193877551020405 0.0
83 0.051658163265306124 0.0
84 0.046556122448979595 0.0
85 0.04953231292517007 0.0
86 0.05293367346938776 0.0
87 0.05803571428571429 0.0
88 0.04740646258503401 0.0
89 0.04825680272108843 0.0
90 0.052083333333333336 0.0
91 0.05654761904761905 0.0
92 0.05442176870748299 0.0
93 0.05548469387755102 0.0
94 0.05654761904761905 0.0
95 0.060799319727891155 0.0
96 0.05633503401360544 0.0
97 0.06016156462585034 0.0
98 0.057185374149659865 0.0
99 0.0625 0.0
100 0.05888605442176871 0.0
101 0.06101190476190476 0.0
102 0.0548469387755102 0.0
103 0.06483843537414966 0.0
104 0.06462585034013606 0.0
105 0.06994047619047619 0.0
106 0.06994047619047619 0.0
107 0.0737670068027211 0.0
108 0.06994047619047619 0.0
109 0.06951530612244898 0.0
110 0.07015306122448979 0.0
111 0.07886904761904762 0.0
112 0.07674319727891156 0.0
113 0.07525510204081633 0.0
114 0.07100340136054421 0.0
115 0.07525510204081633 0.0
116 0.07759353741496598 0.0
117 0.08142006802721088 0.0
118 0.08333333333333333 0.0
119 0.0824829931972789 0.0
120 0.08078231292517007 0.0
121 0.08609693877551021 0.0
122 0.08397108843537415 0.0
123 0.08801020408163265 0.0
124 0.0939625850340136 0.0
125 0.08758503401360544 0.0
126 0.09034863945578231 0.0
127 0.09162414965986394 0.0
128 0.08524659863945579 0.0
129 0.08439625850340136 0.0
130 0.10714285714285714 0.0
131 0.09608843537414966 0.0
132 0.09119897959183673 0.0
133 0.10437925170068027 0.0
134 0.10416666666666667 0.0
135 0.10820578231292517 0.0
136 0.11033163265306123 0.0
137 0.0977891156462585 0.0
138 0.09141156462585034 0.0
139 0.11352040816326531 0.0
140 0.1133078231292517 0.0
141 0.1094812925170068 0.0
142 0.11947278911564625 0.0
143 0.11777210884353742 0.0
144 0.11139455782312925 0.0
145 0.10820578231292517 0.0
146 0.11479591836734694 0.0
147 0.1209608843537415 0.0
148 0.12797619047619047 0.0
149 0.11628401360544217 0.0
150 0.11670918367346939 0.0
151 0.12776360544217688 0.0
152 0.12244897959183673 0.0
153 0.12648809523809523 0.0
154 0.12733843537414966 0.0
155 0.13435374149659865 0.0
156 0.13860544217687074 0.0
157 0.1252125850340136 0.0
158 0.1288265306122449 0.0
159 0.13329081632653061 0.0
160 0.13924319727891157 0.0
161 0.13180272108843538 0.0
162 0.15497448979591838 0.0
163 0.1598639455782313 0.0
164 0.14498299319727892 0.0
165 0.1556122448979592 0.0
166 0.17368197278911565 0.0
167 0.16517857142857142 0.0
168 0.1522108843537415 0.0
169 0.1605017006802721 0.0
170 0.16454081632653061 0.0
171 0.16454081632653061 0.0
172 0.17261904761904762 0.0
173 0.1872874149659864 0.0
174 0.17006802721088435 0.0
175 0.19430272108843538 0.0
176 0.19430272108843538 0.0
177 0.19302721088435373 0.0
178 0.19812925170068027 0.0
179 0.21279761904761904 0.0
180 0.21173469387755103 0.0
181 0.19451530612244897 0.0
182 0.21598639455782312 0.0
183 0.22193877551020408 0.0
184 0.19834183673469388 0.0
185 0.2181122448979592 0.0
186 0.20280612244897958 0.0
187 0.24000850340136054 0.0
188 0.22023809523809523 0.0
189 0.22959183673469388 0.0
190 0.23915816326530612 0.0
191 0.2604166666666667 0.0
192 0.23745748299319727 0.0
193 0.24426020408163265 0.0
194 0.2227891156462585 0.0
195 0.27954931972789115 0.0
196 0.27147108843537415 0.0
197 0.2780612244897959 0.0
198 0.27933673469387754 0.0
199 0.3008078231292517 0.0
200 0.28677721088435376 0.0
201 0.3229166666666667 0.0
202 0.2799744897959184 0.0
203 0.31909013605442177 0.0
204 0.33758503401360546 0.0
205 0.3520408163265306 0.0
206 0.3656462585034014 0.0
207 0.37202380952380953 0.0
208 0.3958333333333333 0.0
209 0.4098639455782313 0.0
210 0.405187074829932 0.0
211 0.444515306122449 0.0
212 0.4644982993197279 0.0
213 0.44387755102040816 0.0
214 0.4572704081632653 0.0
215 0.45918367346938777 0.0
216 0.4793792517006803 0.0
217 0.484906462585034 0.0
218 0.49000850340136054 0.0
219 0.4372874149659864 0.0
220 0.4825680272108844 0.0
221 0.49447278911564624 0.0
222 0.5106292517006803 0.0
223 0.51828231292517 0.0
224 0.5042517006802721 0.0
225 0.5110544217687075 0.0
226 0.49468537414965985 0.0
227 0.5184948979591837 0.0
228 0.5344387755102041 0.0
229 0.530187074829932 0.0
230 0.5376275510204082 0.0
231 0.5142431972789115 0.0
232 0.5303996598639455 0.0
233 0.5106292517006803 0.0
234 0.5894982993197279 0.0
235 0.5446428571428571 0.0
236 0.5627125850340136 0.0
237 0.5607993197278912 0.0
238 0.5716411564625851 0.0
239 0.5478316326530612 0.0
240 0.5826955782312925 0.0
241 0.576530612244898 0.0
242 0.5529336734693877 0.0
243 0.5848214285714286 0.0
244 0.5837585034013606 0.0
245 0.5833333333333334 0.0
246 0.610969387755102 0.0
247 0.6275510204081632 0.0
248 0.6413690476190477 0.0
249 0.6528486394557823 0.0
250 0.6169217687074829 0.0
251 0.6292517006802721 0.0
252 0.6033163265306123 0.0
253 0.60671768707483 0.00021253985122210415
254 0.6477465986394558 0.0
255 0.6430697278911565 0.0
256 0.639030612244898 0.0
257 0.6775085034013606 0.0
258 0.6466836734693877 0.0
259 0.6479591836734694 0.0
260 0.6466836734693877 0.00021253985122210415
261 0.6800595238095238 0.0
262 0.70046768707483 0.0
263 0.6628401360544217 0.0
264 0.6887755102040817 0.0
265 0.6796343537414966 0.0
266 0.6979166666666666 0.0
267 0.6613520408163265 0.0
268 0.6881377551020408 0.0
269 0.7230017006802721 0.0
270 0.7302295918367347 0.00021253985122210415
271 0.7281037414965986 0.0
272 0.7304421768707483 0.0
273 0.7276785714285714 0.0
274 0.7293792517006803 0.0
275 0.7544642857142857 0.00021253985122210415
276 0.7117346938775511 0.00021253985122210415
277 0.7270408163265306 0.0
278 0.7631802721088435 0.0004250797024442083
279 0.7591411564625851 0.0
280 0.75 0.00021253985122210415
281 0.7482993197278912 0.0
282 0.7570153061224489 0.00021253985122210415
283 0.7487244897959183 0.0
284 0.7706207482993197 0.0004250797024442083
285 0.7835884353741497 0.0
286 0.7954931972789115 0.0
287 0.7920918367346939 0.0006376195536663124
288 0.7680697278911565 0.0006376195536663124
289 0.7991071428571429 0.0004250797024442083
290 0.8005952380952381 0.0004250797024442083
291 0.8182397959183674 0.0006376195536663124
292 0.8084608843537415 0.0004250797024442083
293 0.8233418367346939 0.0004250797024442083
294 0.827593537414966 0.00021253985122210415
295 0.826530612244898 0.0004250797024442083
296 0.8222789115646258 0.00021253985122210415
297 0.8139880952380952 0.00021253985122210415
298 0.8373724489795918 0.0004250797024442083
299 0.8231292517006803 0.00021253985122210415
300 0.8526785714285714 0.0004250797024442083
301 0.8473639455782312 0.0004250797024442083
302 0.8282312925170068 0.001487778958554729
303 0.8681972789115646 0.0006376195536663124
304 0.8526785714285714 0.0008501594048884166
305 0.8686224489795918 0.0017003188097768332
306 0.8684098639455783 0.0017003188097768332
307 0.8730867346938775 0.0008501594048884166
308 0.8775510204081632 0.0008501594048884166
309 0.892219387755102 0.0019128586609989374
310 0.8777636054421769 0.0012752391073326248
311 0.8764880952380952 0.0019128586609989374
312 0.8966836734693877 0.0017003188097768332
313 0.8983843537414966 0.001487778958554729
314 0.9170918367346939 0.003188097768331562
315 0.9149659863945578 0.0021253985122210413
316 0.9196428571428571 0.0023379383634431457
317 0.9139030612244898 0.0012752391073326248
318 0.9211309523809523 0.0023379383634431457
319 0.9255952380952381 0.0034006376195536664
320 0.9398384353741497 0.002975557917109458
321 0.9160289115646258 0.003188097768331562
322 0.9292091836734694 0.004250797024442083
323 0.9451530612244898 0.006801275239107333
324 0.9334608843537415 0.006376195536663124
325 0.9434523809523809 0.005526036131774708
326 0.9502551020408163 0.0076514346439957494
327 0.9530187074829932 0.006376195536663124
328 0.9600340136054422 0.007013815090329437
329 0.9615221088435374 0.008076514346439958
330 0.9589710884353742 0.010626992561105207
331 0.9681122448979592 0.00871413390010627
332 0.9713010204081632 0.00977683315621679
333 0.9653486394557823 0.00977683315621679
334 0.9774659863945578 0.013602550478214665
335 0.9649234693877551 0.011689691817215728
336 0.9693877551020408 0.011052072263549416
337 0.9751275510204082 0.013602550478214665
338 0.98171768707483 0.01381509032943677
339 0.9846938775510204 0.015302869287991499
340 0.9846938775510204 0.017640807651434644
341 0.9825680272108843 0.01487778958554729
342 0.9878826530612245 0.01849096705632306
343 0.9893707482993197 0.01934112646121148
344 0.9832057823129252 0.01955366631243358
345 0.9876700680272109 0.022104144527098833
346 0.9840561224489796 0.02104144527098831
347 0.9938350340136054 0.021679064824654624
348 0.9927721088435374 0.021891604675876728
349 0.9944727891156463 0.022104144527098833
350 0.9936224489795918 0.02401700318809777
351 0.9925595238095238 0.02401700318809777
352 0.9919217687074829 0.023804463336875664
353 0.9948979591836735 0.025929861849096705
354 0.9910714285714286 0.02720510095642933
355 0.9934098639455783 0.02805526036131775
356 0.9957482993197279 0.029968119022316685
357 0.9972363945578231 0.03209351753453773
358 0.9944727891156463 0.03358129649309245
359 0.9965986394557823 0.03336875664187035
360 0.9951105442176871 0.038044633368756645
361 0.9980867346938775 0.03379383634431456
362 0.9955357142857143 0.03676939426142402
363 0.9972363945578231 0.03740701381509033
364 0.9974489795918368 0.04144527098831031
365 0.9982993197278912 0.044633368756641874
366 0.9993622448979592 0.044208289054197665
367 0.9991496598639455 0.04590860786397449
368 0.9993622448979592 0.04909670563230606
369 0.9987244897959183 0.04867162592986185
370 0.9997874149659864 0.047396386822529224
371 0.9976615646258503 0.05441020191285866
372 0.9993622448979592 0.05249734325185972
373 0.9987244897959183 0.05696068012752391
374 0.9991496598639455 0.05759829968119022
375 0.9991496598639455 0.05398512221041445
376 0.9995748299319728 0.06227417640807652
377 1.0 0.06248671625929862
378 0.9997874149659864 0.0671625929861849
379 0.9997874149659864 0.0720510095642933
380 0.9995748299319728 0.07268862911795962
381 0.9995748299319728 0.07035069075451647
382 1.0 0.08012752391073326
383 0.9997874149659864 0.07353878852284804
384 1.0 0.08586609989373008
385 0.9995748299319728 0.08501594048884166
386 1.0 0.09840595111583422
387 1.0 0.10053134962805527
388 1.0 0.10988310308182785
389 0.9997874149659864 0.11604675876726886
390 1.0 0.11859723698193411
391 1.0 0.11647183846971307
392 1.0 0.12476089266737514
393 1.0 0.12433581296493093
394 0.9997874149659864 0.13793836344314558
395 1.0 0.1345377258235919
396 1.0 0.14197662061636557
397 1.0 0.15557917109458022
398 1.0 0.15239107332624868
399 1.0 0.16705632306057386
400 0.9997874149659864 0.18150903294367693
401 1.0 0.16641870350690754
402 1.0 0.16663124335812965
403 1.0 0.17704569606801276
404 1.0 0.189798087141339
405 1.0 0.19149840595111584
406 1.0 0.21147715196599362
407 1.0 0.20127523910733264
408 1.0 0.20807651434643995
409 1.0 0.2206163655685441
410 1.0 0.20680127523910732
411 1.0 0.21615302869287992
412 1.0 0.22359192348565357
413 1.0 0.23783209351753454
414 1.0 0.2403825717321998
415 1.0 0.24187035069075452
416 1.0 0.23931987247608927
417 1.0 0.25292242295430395
418 1.0 0.2629117959617428
419 1.0 0.2671625929861849
420 1.0 0.26567481402763016
421 1.0 0.27056323060573856
422 1.0 0.29458023379383635
423 1.0 0.28926673751328374
424 1.0 0.28480340063761955
425 1.0 0.2930924548352816
426 1.0 0.29500531349628056
427 1.0 0.30903294367693945
428 1.0 0.30797024442082893
429 1.0 0.3137088204038257
430 1.0 0.3283740701381509
431 1.0 0.3296493092454835
432 1.0 0.33113708820403825
433 1.0 0.34070138150903295
434 1.0 0.3373007438894793
435 1.0 0.34048884165781085
436 1.0 0.3434643995749203
437 0.9997874149659864 0.3370882040382572
438 1.0 0.365356004250797
439 1.0 0.359192348565356
440 1.0 0.37130712008501593
441 1.0 0.3659936238044633
442 1.0 0.37810839532412327
443 1.0 0.3702444208289054
444 1.0 0.3946865037194474
445 1.0 0.3927736450584485
446 1.0 0.3951115834218916
447 1.0 0.3995749202975558
448 1.0 0.40828905419766204
449 1.0 0.40892667375132835
450 1.0 0.4059511158342189
451 1.0 0.3997874601487779
452 0.9997874149659864 0.4161530286928799
453 1.0 0.4199787460148778
454 1.0 0.4348565356004251
455 1.0 0.44187035069075453
456 1.0 0.4452709883103082
457 1.0 0.4216790648246546
458 1.0 0.4414452709883103
459 1.0 0.45504782146652495
460 1.0 0.46865037194473963
461 1.0 0.45951115834218914
462 1.0 0.46886291179596173
463 1.0 0.4527098831030818
464 1.0 0.46567481402763017
465 1.0 0.4818278427205101
466 1.0 0.48459086078639746
467 1.0 0.48884165781083955
468 1.0 0.4907545164718385
469 1.0 0.4911795961742827
470 1.0 0.47991498405951116
471 1.0 0.4922422954303932
472 1.0 0.485653560042508
473 1.0 0.48905419766206165
474 1.0 0.5024442082890542
475 1.0 0.50201912858661
476 1.0 0.4967056323060574
477 1.0 0.5079702444208289
478 1.0 0.520297555791711
479 1.0 0.5200850159404888
480 1.0 0.5356004250797024
481 1.0 0.5262486716259298
482 1.0 0.5290116896918172
483 1.0 0.5330499468650371
484 1.0 0.5298618490967056
485 1.0 0.5107332624867162
486 1.0 0.5124335812964931
487 1.0 0.5396386822529224
488 1.0 0.526461211477152
489 1.0 0.5334750265674814
490 1.0 0.5290116896918172
491 1.0 0.5413390010626993
492 1.0 0.5294367693942614
493 1.0 0.5377258235919234
494 1.0 0.5477151965993624
495 1.0 0.5328374070138151
496 1.0 0.5538788522848034
497 1.0 0.5693942614240171
498 1.0 0.5744952178533475
499 1.0 0.5687566418703507
500 1.0 0.5706695005313497
501 1.0 0.5600425079702445
502 1.0 0.5757704569606801
503 1.0 0.593836344314559
504 1.0 0.5749202975557917
505 1.0 0.5889479277364505
506 1.0 0.5885228480340063
507 1.0 0.5904357066950053
508 1.0 0.5927736450584484
509 1.0 0.5885228480340063
510 1.0 0.601912858660999
511 1.0 0.6076514346439957
512 1.0 0.6167906482465463
513 1.0 0.6091392136025505
514 1.0 0.6148777895855473
515 1.0 0.6157279489904357
516 1.0 0.6170031880977683
517 1.0 0.6055260361317747
518 1.0 0.6065887353878853
519 1.0 0.6214665249734325
520 1.0 0.6044633368756642
521 1.0 0.6116896918172158
522 1.0 0.5832093517534538
523 1.0 0.5876726886291179
524 1.0 0.6184909670563231
525 1.0 0.6212539851222104
526 1.0 0.6437832093517535
527 1.0 0.6329436769394261
528 1.0 0.6433581296493093
529 1.0 0.6439957492029755
530 1.0 0.6518597236981934
531 1.0 0.6584484590860786
532 1.0 0.6518597236981934
533 1.0 0.6586609989373008
534 1.0 0.6544102019128587
535 1.0 0.649096705632306
536 1.0 0.657173219978746
537 1.0 0.6607863974495218
538 1.0 0.6567481402763018
539 1.0 0.6552603613177471
540 1.0 0.6758767268862912
541 1.0 0.659086078639745
542 1.0 0.6639744952178533
543 1.0 0.6712008501594049
544 1.0 0.6709883103081827
545 1.0 0.6824654622741764
546 1.0 0.6699256110520723
547 1.0 0.6767268862911796
548 1.0 0.6699256110520723
549 1.0 0.6733262486716259
550 1.0 0.6905419766206163
551 1.0 0.6539851222104145
552 1.0 0.6924548352816153
553 1.0 0.6841657810839532
554 1.0 0.6975557917109458
555 1.0 0.6822529224229543
556 1.0 0.7056323060573858
557 1.0 0.7035069075451648
558 1.0 0.6822529224229543
559 1.0 0.7147715196599362
560 0.9997874149659864 0.6688629117959617
561 1.0 0.6996811902231669
562 1.0 0.6669500531349628
563 0.9997874149659864 0.6318809776833156
564 1.0 0.6892667375132837
565 1.0 0.7177470775770457
566 1.0 0.6977683315621679
567 1.0 0.6924548352816153
568 1.0 0.6945802337938364
569 1.0 0.7009564293304995
570 1.0 0.6805526036131775
571 1.0 0.6788522848034007
572 1.0 0.7151965993623804
573 1.0 0.7151965993623804
574 1.0 0.7362380446333687
575 1.0 0.7373007438894793
576 1.0 0.7477151965993624
577 1.0 0.7296493092454835
578 1.0 0.7219978746014878
579 1.0 0.7264612114771519
580 1.0 0.7279489904357067
581 1.0 0.7424017003188098
582 1.0 0.7494155154091392
583 1.0 0.7602550478214666
584 1.0 0.7453772582359193
585 1.0 0.7547290116896919
586 1.0 0.7540913921360255
587 1.0 0.7145589798087141
588 1.0 0.7404888416578108
589 1.0 0.722635494155154
590 1.0 0.7528161530286929
591 1.0 0.7438894792773645
592 1.0 0.767268862911796
593 1.0 0.761317747077577
594 1.0 0.7313496280552604
595 1.0 0.6748140276301806
596 1.0 0.6680127523910733
597 1.0 0.7092454835281615
598 1.0 0.7207226354941552
599 1.0 0.7438894792773645
600 1.0 0.7572794899043571
601 1.0 0.7421891604675876
602 1.0 0.777683315621679
603 1.0 0.7698193411264612
604 1.0 0.785759829968119
605 1.0 0.7842720510095643
606 1.0 0.7681190223166844
607 1.0 0.7874601487778958
608 1.0 0.7972369819341126
609 1.0 0.7953241232731137
610 1.0 0.7904357066950053
611 1.0 0.7840595111583422
612 0.9997874149659864 0.7222104144527098
613 1.0 0.758979808714134
614 1.0 0.7700318809776833
615 1.0 0.7241232731137088
616 1.0 0.720297555791711
617 1.0 0.7549415515409139
618 1.0 0.7494155154091392
619 1.0 0.7713071200850159
620 1.0 0.7874601487778958
621 1.0 0.7940488841657811
622 1.0 0.7974495217853348
623 1.0 0.8055260361317748
624 1.0 0.7953241232731137
625 1.0 0.8116896918172157
626 1.0 0.8093517534537726
627 1.0 0.8070138150903294
628 1.0 0.7727948990435707
629 1.0 0.8099893730074389
630 1.0 0.820403825717322
631 1.0 0.8074388947927736
632 1.0 0.8155154091392136
633 1.0 0.8153028692879914
634 1.0 0.8172157279489904
635 1.0 0.8153028692879914
636 1.0 0.8240170031880978
637 1.0 0.822316684378321
638 1.0 0.8248671625929862
639 1.0 0.8276301806588735
640 1.0 0.8227417640807652
641 1.0 0.8131774707757704
642 1.0 0.8199787460148777
643 1.0 0.8097768331562167
644 1.0 0.8051009564293305
645 1.0 0.8095642933049947
646 1.0 0.8216790648246546
647 1.0 0.8148777895855472
648 1.0 0.8167906482465462
649 1.0 0.8172157279489904
650 1.0 0.798087141339001
651 1.0 0.8072263549415516
652 1.0 0.8197662061636557
653 1.0 0.820403825717322
654 1.0 0.7594048884165782
655 1.0 0.795749202975558
656 1.0 0.8238044633368756
657 1.0 0.8010626992561105
658 0.9997874149659864 0.8095642933049947
659 0.9997874149659864 0.7744952178533475
660 1.0 0.7638682252922423
661 1.0 0.7664187035069076
662 1.0 0.7863974495217854
663 0.9997874149659864 0.8068012752391074
664 1.0 0.7679064824654622
665 1.0 0.7812964930924549
666 1.0 0.8369819341126461
667 1.0 0.8316684378320935
668 1.0 0.8537725823591924
669 1.0 0.867375132837407
670 1.0 0.8767268862911796
671 1.0 0.8635494155154091
672 1.0 0.8705632306057386
673 1.0 0.8490967056323061
674 1.0 0.826567481402763
675 1.0 0.8522848034006376
676 1.0 0.8499468650371945
677 1.0 0.8743889479277365
678 1.0 0.8799149840595112
679 1.0 0.8782146652497343
680 1.0 0.8890541976620616
681 1.0 0.8837407013815091
682 0.9997874149659864 0.8507970244420829
683 0.9997874149659864 0.7904357066950053
684 0.9995748299319728 0.8240170031880978
685 0.9997874149659864 0.814240170031881
686 1.0 0.8565356004250797
687 1.0 0.8763018065887354
688 1.0 0.861211477151966
689 1.0 0.8824654622741764
690 1.0 0.8811902231668438
691 1.0 0.8790648246546228
692 1.0 0.889691817215728
693 1.0 0.8960680127523911
694 1.0 0.8952178533475027
695 1.0 0.9037194473963869
696 1.0 0.9066950053134962
697 1.0 0.9086078639744952
698 1.0 0.8988310308182784
699 1.0 0.9041445270988311
700 1.0 0.8860786397449522
701 1.0 0.8960680127523911
702 1.0 0.9094580233793836
703 1.0 0.9083953241232731
704 1.0 0.9090329436769394
705 1.0 0.9069075451647184
706 1.0 0.9088204038257173
707 1.0 0.9175345377258236
708 1.0 0.8852284803400637
709 1.0 0.9015940488841658
710 1.0 0.9098831030818278
711 1.0 0.9066950053134962
712 1.0 0.9079702444208289
713 1.0 0.9117959617428267
714 1.0 0.926461211477152
715 1.0 0.9158342189160468
716 1.0 0.9132837407013815
717 1.0 0.9194473963868225
718 1.0 0.9045696068012753
719 1.0 0.9175345377258236
720 1.0 0.9226354941551541
721 1.0 0.928586609989373
722 1.0 0.9232731137088204
723 1.0 0.9226354941551541
724 1.0 0.9096705632306057
725 1.0 0.9126461211477152
726 1.0 0.9188097768331562
727 1.0 0.9213602550478215
728 1.0 0.9281615302869288
729 1.0 0.926673751328374
730 1.0 0.9336875664187035
731 1.0 0.9317747077577045
732 1.0 0.9304994686503719
733 1.0 0.9196599362380447
734 1.0 0.9239107332624867
735 1.0 0.9196599362380447
736 1.0 0.9209351753453773
737 1.0 0.9232731137088204
738 1.0 0.9332624867162593
739 1.0 0.9294367693942615
740 1.0 0.9234856535600425
741 1.0 0.8988310308182784
742 1.0 0.9130712008501594
743 0.9997874149659864 0.8597236981934112
744 0.9991496598639455 0.8170031880977683
745 1.0 0.8928799149840595
746 1.0 0.8986184909670564
747 1.0 0.8930924548352817
748 1.0 0.8607863974495218
749 1.0 0.8767268862911796
750 1.0 0.8465462274176409
751 1.0 0.8646121147715197
752 1.0 0.8811902231668438
753 1.0 0.9145589798087141
754 1.0 0.924548352816153
755 1.0 0.9315621679064825
756 1.0 0.9362380446333688
757 1.0 0.9417640807651435
758 1.0 0.9504782146652497
759 1.0 0.9394261424017003
760 1.0 0.9358129649309246
761 1.0 0.9177470775770457
762 1.0 0.926461211477152
763 1.0 0.9358129649309246
764 1.0 0.9415515409139213
765 1.0 0.9475026567481403
766 1.0 0.9430393198724761
767 1.0 0.934750265674814
768 1.0 0.9421891604675877
769 1.0 0.9441020191285866
770 1.0 0.936663124335813
771 1.0 0.9494155154091393
772 1.0 0.9506907545164719
773 1.0 0.9462274176408076
774 1.0 0.9523910733262486
775 1.0 0.9568544102019129
776 1.0 0.9481402763018066
777 1.0 0.9430393198724761
778 1.0 0.9496280552603613
779 1.0 0.9430393198724761
780 1.0 0.9445270988310308
781 1.0 0.9485653560042508
782 1.0 0.9596174282678002
783 1.0 0.9557917109458023
784 1.0 0.9460148777895856
785 1.0 0.944739638682253
786 1.0 0.9024442082890543
787 1.0 0.9290116896918172
788 1.0 0.9381509032943677
789 1.0 0.9334750265674814
790 1.0 0.9358129649309246
791 1.0 0.9128586609989373
792 1.0 0.9332624867162593
793 1.0 0.9141339001062699
794 1.0 0.9341126461211477
795 1.0 0.9160467587672688
796 1.0 0.9145589798087141
797 1.0 0.9128586609989373
798 0.9997874149659864 0.9124335812964931
799 0.9995748299319728 0.9158342189160468
800 1.0 0.9011689691817216
801 1.0 0.8716259298618491
802 0.9997874149659864 0.869500531349628
803 0.9997874149659864 0.9035069075451647
804 0.9982993197278912 0.8497343251859724
805 1.0 0.934750265674814
806 1.0 0.9273113708820404
807 0.9997874149659864 0.9402763018065887
808 1.0 0.9394261424017003
809 1.0 0.9651434643995749
810 1.0 0.9619553666312434
811 1.0 0.9568544102019129
812 1.0 0.9443145589798088
813 1.0 0.9560042507970244
814 1.0 0.9417640807651435
815 1.0 0.9608926673751328
816 1.0 0.9574920297555791
817 1.0 0.9698193411264612
818 1.0 0.9704569606801275
819 1.0 0.9732199787460148
820 1.0 0.9761955366631243
821 1.0 0.9700318809776833
822 1.0 0.9685441020191285
823 1.0 0.9800212539851222
824 1.0 0.9744952178533475
825 1.0 0.9740701381509033
826 1.0 0.973645058448459
827 1.0 0.9806588735387886
828 1.0 0.9783209351753454
829 1.0 0.9740701381509033
830 1.0 0.9730074388947928
831 1.0 0.9804463336875664
832 1.0 0.9774707757704569
833 1.0 0.9747077577045696
834 1.0 0.9776833156216791
835 1.0 0.9753453772582359
836 1.0 0.9810839532412328
837 1.0 0.9798087141339001
838 1.0 0.9829968119022316
839 1.0 0.981721572794899
840 1.0 0.9846971307120085
841 1.0 0.9855472901168969
842 1.0 0.979596174282678
843 1.0 0.981721572794899
844 1.0 0.9832093517534538
845 1.0 0.9866099893730075
846 1.0 0.981721572794899
847 1.0 0.9770456960680127
848 1.0 0.9808714133900106
849 1.0 0.9761955366631243
850 1.0 0.9768331562167907
851 1.0 0.9819341126461212
852 1.0 0.9844845908607864
853 1.0 0.9787460148777896
854 1.0 0.9827842720510096
855 1.0 0.9825717321997874
856 1.0 0.9840595111583422
857 1.0 0.983634431455898
858 1.0 0.9730074388947928
859 1.0 0.9717321997874602
860 1.0 0.9781083953241233
861 1.0 0.9812964930924548
862 1.0 0.9849096705632306
863 1.0 0.9804463336875664
864 1.0 0.9851222104144527
865 1.0 0.9800212539851222
866 1.0 0.9783209351753454
867 1.0 0.9846971307120085
868 1.0 0.9849096705632306
869 1.0 0.9842720510095643
870 0.9997874149659864 0.955154091392136
871 1.0 0.9400637619553667
872 0.9995748299319728 0.9088204038257173
873 1.0 0.9545164718384697
874 1.0 0.9549415515409139
875 1.0 0.9696068012752391
876 1.0 0.9528161530286928
877 1.0 0.9349628055260362
878 1.0 0.9504782146652497
879 1.0 0.9657810839532412
880 1.0 0.9504782146652497
881 1.0 0.971307120085016
882 0.9997874149659864 0.9717321997874602
883 1.0 0.9572794899043571
884 1.0 0.9757704569606801
885 1.0 0.9700318809776833
886 1.0 0.9802337938363443
887 1.0 0.9766206163655685
888 1.0 0.9853347502656749
889 1.0 0.9844845908607864
890 1.0 0.9832093517534538
891 1.0 0.9902231668437832
892 1.0 0.9866099893730075
893 1.0 0.9840595111583422
894 1.0 0.9846971307120085
895 1.0 0.9798087141339001
896 1.0 0.9878852284803401
897 1.0 0.9900106269925611
898 1.0 0.9880977683315622
899 1.0 0.9906482465462274
900 1.0 0.9866099893730075
901 1.0 0.9849096705632306
902 1.0 0.9885228480340064
903 1.0 0.9863974495217853
904 1.0 0.981509032943677
905 1.0 0.9900106269925611
906 1.0 0.9798087141339001
907 1.0 0.9596174282678002
908 1.0 0.9696068012752391
909 1.0 0.9789585547290117
910 1.0 0.9829968119022316
911 1.0 0.9821466524973432
912 1.0 0.983634431455898
913 1.0 0.9804463336875664
914 0.9997874149659864 0.9664187035069075
915 1.0 0.9725823591923486
916 1.0 0.9683315621679065
917 1.0 0.9840595111583422
918 1.0 0.9842720510095643
919 1.0 0.9730074388947928
920 1.0 0.9727948990435706
921 1.0 0.9679064824654623
922 1.0 0.9645058448459086
923 1.0 0.987672688629118
924 1.0 0.9857598299681191
925 1.0 0.9863974495217853
926 1.0 0.9802337938363443
927 1.0 0.9602550478214665
928 1.0 0.9861849096705633
929 1.0 0.9776833156216791
930 1.0 0.9840595111583422
931 1.0 0.9870350690754517
932 1.0 0.9838469713071201
933 1.0 0.9880977683315622
934 1.0 0.9910733262486716
935 1.0 0.9889479277364506
936 1.0 0.9827842720510096
937 1.0 0.9934112646121148
938 1.0 0.9951115834218917
939 1.0 0.9961742826780021
940 1.0 0.9955366631243359
941 1.0 0.9885228480340064
942 1.0 0.9948990435706695
943 1.0 0.9940488841657811
944 1.0 0.9902231668437832
945 1.0 0.991710945802338
946 1.0 0.9908607863974496
947 1.0 0.9859723698193411
948 1.0 0.9883103081827843
949 1.0 0.9606801275239107
950 1.0 0.9759829968119023
951 1.0 0.9853347502656749
952 1.0 0.9827842720510096
953 1.0 0.9887353878852285
954 1.0 0.9921360255047822
955 1.0 0.9691817215727949
956 1.0 0.9776833156216791
957 1.0 0.9929861849096706
958 1.0 0.9965993623804463
959 1.0 0.9844845908607864
960 1.0 0.9855472901168969
961 1.0 0.9855472901168969
962 1.0 0.9855472901168969
963 1.0 0.979596174282678
964 1.0 0.9853347502656749
965 1.0 0.953241232731137
966 1.0 0.9783209351753454
967 1.0 0.9840595111583422
968 1.0 0.975557917109458
969 1.0 0.9829968119022316
970 1.0 0.9895855472901169
971 1.0 0.993836344314559
972 1.0 0.9944739638682253
973 1.0 0.9974495217853347
974 1.0 0.9965993623804463
975 1.0 0.9944739638682253
976 1.0 0.9957492029755579
977 1.0 0.9880977683315622
978 1.0 0.9963868225292243
979 1.0 0.9959617428267801
980 1.0 0.9970244420828905
981 1.0 0.9934112646121148
982 1.0 0.9948990435706695
983 1.0 0.9946865037194474
984 1.0 0.9931987247608927
985 1.0 0.9751328374070138
986 0.9997874149659864 0.987672688629118
987 0.9997874149659864 0.9866099893730075
988 1.0 0.9914984059511158
989 1.0 0.9902231668437832
990 1.0 0.9931987247608927
991 1.0 0.9934112646121148
992 1.0 0.9800212539851222
993 1.0 0.9944739638682253
994 1.0 0.9927736450584485
995 1.0 0.9955366631243359
996 1.0 0.9965993623804463
997 1.0 0.9963868225292243
998 1.0 0.997874601487779
999 1.0 0.9965993623804463
1000 0.9997874149659864 0.9936238044633369
1001 1.0 0.9927736450584485
1002 1.0 0.9942614240170032
1003 1.0 0.9914984059511158
1004 0.9993622448979592 0.9606801275239107
1005 1.0 0.9844845908607864
1006 0.9995748299319728 0.9738575982996812
1007 0.9980867346938775 0.9519659936238045
1008 1.0 0.983634431455898
1009 1.0 0.987672688629118
1010 1.0 0.9846971307120085
1011 1.0 0.9904357066950054
1012 1.0 0.991710945802338
1013 1.0 0.9940488841657811
1014 1.0 0.9744952178533475
1015 1.0 0.9846971307120085
1016 0.9997874149659864 0.987672688629118
1017 1.0 0.9929861849096706
1018 1.0 0.9959617428267801
1019 1.0 0.9944739638682253
1020 1.0 0.9955366631243359
1021 1.0 0.9965993623804463
1022 1.0 0.9970244420828905
1023 1.0 0.9965993623804463
1024 1.0 0.9921360255047822
1025 1.0 0.9961742826780021
1026 1.0 0.9963868225292243
1027 1.0 0.9895855472901169
1028 1.0 0.9959617428267801
1029 1.0 0.991710945802338
1030 1.0 0.9948990435706695
1031 1.0 0.9980871413390011
1032 1.0 0.9980871413390011
1033 1.0 0.9955366631243359
1034 1.0 0.9934112646121148
1035 1.0 0.9925611052072264
1036 1.0 0.9946865037194474
1037 1.0 0.9925611052072264
1038 1.0 0.9968119022316685
1039 1.0 0.9957492029755579
1040 1.0 0.9953241232731137
1041 1.0 0.9955366631243359
1042 1.0 0.9974495217853347
1043 1.0 0.997874601487779
1044 1.0 0.9985122210414453
1045 1.0 0.9976620616365569
1046 1.0 0.9991498405951116
1047 1.0 0.9982996811902232
1048 1.0 0.9985122210414453
1049 1.0 0.9982996811902232
1050 1.0 0.9987247608926674
1051 1.0 0.997874601487779
1052 1.0 0.9970244420828905
1053 1.0 0.9995749202975558
1054 1.0 0.9961742826780021
1055 1.0 0.9931987247608927
1056 1.0 0.9959617428267801
1057 1.0 0.9987247608926674
1058 1.0 0.9991498405951116
1059 1.0 0.9985122210414453
1060 1.0 0.9991498405951116
1061 1.0 0.9985122210414453
1062 1.0 0.9980871413390011
1063 1.0 0.9982996811902232
1064 1.0 0.9974495217853347
1065 1.0 0.9970244420828905
1066 1.0 0.9968119022316685
1067 1.0 0.9982996811902232
1068 1.0 0.9985122210414453
1069 1.0 0.9989373007438895
1070 1.0 0.9989373007438895
1071 1.0 0.9987247608926674
1072 1.0 0.9987247608926674
1073 1.0 0.9987247608926674
1074 1.0 0.9980871413390011
1075 1.0 0.9914984059511158
1076 1.0 0.9963868225292243
1077 1.0 0.9946865037194474
1078 0.9997874149659864 0.9914984059511158
1079 1.0 0.9934112646121148
1080 1.0 0.9963868225292243
1081 1.0 0.997874601487779
1082 1.0 0.9976620616365569
1083 1.0 0.997874601487779
1084 1.0 0.9970244420828905
1085 1.0 0.9948990435706695
1086 1.0 0.9982996811902232
1087 1.0 0.9989373007438895
1088 1.0 0.9995749202975558
1089 1.0 0.9995749202975558
1090 1.0 0.9993623804463337
1091 1.0 0.9995749202975558
1092 1.0 0.9993623804463337
1093 1.0 0.9989373007438895
1094 1.0 0.9985122210414453
1095 1.0 0.999787460148778
1096 1.0 0.9995749202975558
1097 1.0 0.9991498405951116
1098 1.0 0.997874601487779
1099 1.0 0.9989373007438895
1100 1.0 0.9991498405951116
1101 1.0 0.9995749202975558
1102 1.0 0.9974495217853347
1103 1.0 0.9982996811902232
1104 1.0 0.9993623804463337
1105 1.0 0.999787460148778
1106 1.0 0.999787460148778
1107 1.0 0.9982996811902232
1108 1.0 0.9995749202975558
1109 1.0 0.997874601487779
1110 1.0 0.9989373007438895
1111 1.0 0.9987247608926674
1112 1.0 0.9991498405951116
1113 1.0 0.9993623804463337
1114 1.0 0.9995749202975558
1115 1.0 0.9995749202975558
1116 1.0 0.9989373007438895
1117 1.0 0.9987247608926674
1118 1.0 0.9991498405951116
1119 1.0 0.9974495217853347
1120 1.0 0.9970244420828905
1121 1.0 0.9985122210414453
1122 1.0 0.9972369819341127
1123 1.0 0.9965993623804463
1124 1.0 0.9980871413390011
1125 0.9997874149659864 0.997874601487779
1126 1.0 0.9974495217853347
1127 1.0 0.9972369819341127
1128 1.0 0.9980871413390011
1129 1.0 0.9987247608926674
1130 1.0 0.9989373007438895
1131 1.0 0.9991498405951116
1132 1.0 0.9965993623804463
1133 1.0 0.997874601487779
1134 1.0 0.9989373007438895
1135 1.0 0.9972369819341127
1136 1.0 0.9985122210414453
1137 0.9997874149659864 0.9942614240170032
1138 0.9997874149659864 0.979596174282678
1139 1.0 0.9914984059511158
1140 1.0 0.9853347502656749
1141 0.9993622448979592 0.9483528161530287
1142 1.0 0.9878852284803401
1143 0.9991496598639455 0.9436769394261424
1144 0.9987244897959183 0.9377258235919235
1145 0.9982993197278912 0.936663124335813
1146 0.9951105442176871 0.928586609989373
1147 0.9985119047619048 0.9487778958554729
1148 1.0 0.9883103081827843
1149 1.0 0.9927736450584485
1150 1.0 0.9965993623804463
1151 1.0 0.9989373007438895
1152 1.0 0.9982996811902232
1153 1.0 0.9989373007438895
1154 1.0 0.9991498405951116
1155 1.0 0.9989373007438895
1156 1.0 0.9993623804463337
1157 1.0 0.9993623804463337
1158 1.0 0.9980871413390011
1159 1.0 0.9989373007438895
1160 1.0 0.9982996811902232
1161 1.0 0.9976620616365569
1162 1.0 0.9993623804463337
1163 1.0 0.9995749202975558
1164 1.0 0.9989373007438895
1165 1.0 0.9989373007438895
1166 1.0 0.9885228480340064
1167 1.0 0.9976620616365569
1168 1.0 0.9987247608926674
1169 1.0 0.9989373007438895
1170 1.0 0.9976620616365569
1171 1.0 0.9993623804463337
1172 0.9993622448979592 0.9751328374070138
1173 1.0 0.9895855472901169
1174 1.0 0.9959617428267801
1175 1.0 0.9989373007438895
1176 1.0 0.9987247608926674
1177 1.0 0.9974495217853347
1178 0.9997874149659864 0.9885228480340064
1179 1.0 0.9951115834218917
1180 1.0 0.997874601487779
1181 1.0 0.9989373007438895
1182 1.0 0.9987247608926674
1183 1.0 0.9987247608926674
1184 1.0 0.9982996811902232
1185 1.0 0.9989373007438895
1186 1.0 0.9995749202975558
1187 1.0 0.9991498405951116
1188 1.0 0.9995749202975558
1189 1.0 0.9987247608926674
1190 1.0 0.993836344314559
1191 1.0 0.9951115834218917
1192 1.0 0.9948990435706695
1193 1.0 0.9885228480340064
1194 0.9997874149659864 0.9948990435706695
1195 1.0 0.9989373007438895
1196 1.0 0.9957492029755579
1197 1.0 0.9982996811902232
1198 1.0 0.9972369819341127
1199 1.0 0.9921360255047822
1200 0.9995748299319728 0.9821466524973432
1201 1.0 0.9942614240170032
1202 1.0 0.993836344314559
1203 1.0 0.9940488841657811
1204 1.0 0.9965993623804463
1205 1.0 0.9976620616365569
1206 1.0 0.9965993623804463
1207 1.0 0.9968119022316685
1208 1.0 0.997874601487779
1209 1.0 0.9993623804463337
1210 1.0 0.999787460148778
1211 1.0 0.9993623804463337
1212 1.0 0.9995749202975558
1213 1.0 0.9995749202975558
1214 1.0 0.9993623804463337
1215 1.0 0.9995749202975558
1216 1.0 0.9993623804463337
1217 1.0 0.999787460148778
1218 1.0 0.9995749202975558
1219 1.0 0.999787460148778
1220 1.0 0.9995749202975558
1221 1.0 1.0
1222 1.0 0.999787460148778
1223 1.0 1.0
1224 1.0 1.0
1225 1.0 0.999787460148778
1226 1.0 1.0
1227 1.0 0.9993623804463337
1228 1.0 0.9910733262486716
1229 1.0 0.9972369819341127
1230 1.0 0.9906482465462274
1231 1.0 0.9972369819341127
1232 1.0 0.9976620616365569
1233 1.0 0.9968119022316685
1234 1.0 0.9980871413390011
1235 1.0 0.9989373007438895
1236 1.0 0.9995749202975558
1237 1.0 0.999787460148778
1238 1.0 0.999787460148778
1239 1.0 0.9995749202975558
1240 1.0 0.999787460148778
1241 1.0 1.0
1242 1.0 0.999787460148778
1243 1.0 0.9989373007438895
1244 1.0 0.9993623804463337
1245 1.0 1.0
1246 1.0 1.0
1247 1.0 1.0
1248 1.0 0.999787460148778
1249 1.0 1.0
1250 1.0 0.999787460148778
1251 1.0 0.999787460148778
1252 1.0 0.9993623804463337
1253 1.0 0.999787460148778
1254 1.0 0.9993623804463337
1255 1.0 0.9995749202975558
1256 1.0 0.9995749202975558
1257 1.0 1.0
1258 1.0 0.9991498405951116
1259 1.0 0.9993623804463337
1260 1.0 0.999787460148778
1261 1.0 0.9995749202975558
1262 1.0 0.999787460148778
1263 1.0 0.9995749202975558
1264 1.0 0.9995749202975558
1265 1.0 0.9993623804463337
1266 1.0 1.0
1267 1.0 1.0
1268 1.0 1.0
1269 1.0 1.0
1270 1.0 1.0
1271 1.0 1.0
1272 1.0 1.0
1273 1.0 1.0
1274 1.0 1.0
1275 1.0 1.0
1276 1.0 1.0
1277 1.0 1.0
1278 1.0 0.999787460148778
1279 1.0 0.9995749202975558
1280 1.0 0.999787460148778
1281 1.0 0.999787460148778
1282 1.0 1.0
1283 1.0 1.0
1284 1.0 1.0
1285 1.0 1.0
1286 1.0 1.0
1287 1.0 1.0
1288 1.0 1.0
1289 1.0 1.0
1290 1.0 1.0
1291 1.0 1.0
1292 1.0 1.0
1293 1.0 1.0
1294 1.0 1.0
1295 1.0 1.0
1296 1.0 1.0
1297 1.0 0.9995749202975558
1298 1.0 0.9987247608926674
1299 1.0 0.9995749202975558
1300 1.0 0.9993623804463337
1301 1.0 0.9993623804463337
1302 1.0 0.9995749202975558
1303 1.0 0.999787460148778
1304 1.0 0.999787460148778
1305 1.0 0.9993623804463337
1306 1.0 0.9995749202975558
1307 1.0 0.9995749202975558
1308 1.0 1.0
1309 1.0 1.0
1310 1.0 1.0
1311 1.0 0.999787460148778
1312 1.0 0.999787460148778
1313 1.0 0.9995749202975558
1314 1.0 0.999787460148778
1315 1.0 1.0
1316 1.0 0.999787460148778
1317 1.0 0.9987247608926674
1318 1.0 0.9982996811902232
1319 1.0 0.9982996811902232
1320 1.0 0.9989373007438895
1321 1.0 0.9995749202975558
1322 1.0 0.999787460148778
1323 1.0 1.0
1324 1.0 0.9993623804463337
1325 1.0 0.9995749202975558
1326 1.0 0.9995749202975558
1327 1.0 0.9991498405951116
1328 1.0 0.9995749202975558
1329 1.0 0.999787460148778
1330 1.0 1.0
1331 1.0 1.0
1332 1.0 1.0
1333 1.0 1.0
1334 1.0 1.0
1335 1.0 1.0
1336 1.0 1.0
1337 1.0 1.0
1338 1.0 1.0
1339 1.0 1.0
1340 1.0 1.0
1341 1.0 1.0
1342 1.0 1.0
1343 1.0 1.0
1344 1.0 1.0
1345 1.0 1.0
1346 1.0 1.0
1347 1.0 1.0
1348 1.0 0.9957492029755579
1349 1.0 0.9991498405951116
1350 1.0 0.9985122210414453
1351 1.0 1.0
1352 1.0 0.9993623804463337
1353 1.0 0.9995749202975558
1354 1.0 0.9993623804463337
1355 1.0 1.0
1356 0.9997874149659864 0.9987247608926674
1357 1.0 0.9991498405951116
1358 0.9997874149659864 0.9914984059511158
1359 0.9997874149659864 0.9883103081827843
1360 0.9997874149659864 0.9927736450584485
1361 0.998937074829932 0.9883103081827843
1362 0.9997874149659864 0.991710945802338
1363 1.0 0.9923485653560042
1364 1.0 0.9959617428267801
1365 1.0 0.9989373007438895
1366 1.0 0.9974495217853347
1367 1.0 0.9987247608926674
1368 0.9993622448979592 0.9785334750265675
1369 1.0 0.9946865037194474
1370 1.0 0.9989373007438895
1371 1.0 0.9959617428267801
1372 1.0 0.9868225292242295
1373 1.0 0.9987247608926674
1374 1.0 0.997874601487779
1375 1.0 0.9993623804463337
1376 1.0 0.9970244420828905
1377 1.0 0.9980871413390011
1378 1.0 0.9993623804463337
1379 1.0 0.999787460148778
1380 1.0 0.9989373007438895
1381 1.0 0.9991498405951116
1382 1.0 0.9993623804463337
1383 1.0 0.9991498405951116
1384 1.0 1.0
1385 1.0 1.0
1386 1.0 0.9995749202975558
1387 1.0 0.9995749202975558
1388 1.0 0.999787460148778
1389 1.0 1.0
1390 1.0 1.0
1391 1.0 1.0
1392 1.0 1.0
1393 1.0 1.0
1394 1.0 1.0
1395 1.0 0.999787460148778
1396 1.0 0.999787460148778
1397 1.0 1.0
1398 1.0 1.0
1399 1.0 1.0
1400 1.0 0.999787460148778
1401 1.0 1.0
1402 1.0 1.0
1403 1.0 1.0
1404 1.0 1.0
1405 1.0 1.0
1406 1.0 1.0
1407 1.0 0.9995749202975558
1408 1.0 1.0
1409 1.0 0.999787460148778
1410 1.0 0.9993623804463337
1411 1.0 0.9991498405951116
1412 1.0 0.9995749202975558
1413 1.0 1.0
1414 1.0 1.0
1415 1.0 0.999787460148778
1416 1.0 0.9995749202975558
1417 1.0 0.9995749202975558
1418 1.0 0.9993623804463337
1419 1.0 1.0
1420 1.0 1.0
1421 1.0 1.0
1422 1.0 0.999787460148778
1423 1.0 1.0
1424 1.0 1.0
1425 1.0 0.999787460148778
1426 1.0 1.0
1427 1.0 0.999787460148778
1428 1.0 0.999787460148778
1429 1.0 0.999787460148778
1430 1.0 0.9995749202975558
1431 1.0 0.999787460148778
1432 1.0 1.0
1433 1.0 0.9995749202975558
1434 1.0 0.9989373007438895
1435 1.0 0.9993623804463337
1436 1.0 0.999787460148778
1437 1.0 1.0
1438 1.0 1.0
1439 1.0 0.999787460148778
1440 0.9997874149659864 0.9985122210414453
1441 1.0 0.9993623804463337
1442 1.0 0.9995749202975558
1443 0.9997874149659864 0.9987247608926674
1444 0.9997874149659864 0.993836344314559
1445 0.9997874149659864 0.9972369819341127
1446 1.0 0.997874601487779
1447 1.0 0.9991498405951116
1448 1.0 0.9985122210414453
1449 1.0 0.9995749202975558
1450 1.0 0.999787460148778
1451 1.0 0.999787460148778
1452 1.0 1.0
1453 1.0 0.999787460148778
1454 1.0 0.999787460148778
1455 1.0 0.9989373007438895
1456 1.0 0.9959617428267801
1457 1.0 0.997874601487779
1458 1.0 0.997874601487779
1459 0.9997874149659864 0.9861849096705633
1460 0.9997874149659864 0.9942614240170032
1461 0.9997874149659864 0.9951115834218917
1462 1.0 0.9963868225292243
1463 0.9997874149659864 0.9963868225292243
1464 1.0 0.9885228480340064
1465 1.0 0.9982996811902232
1466 1.0 0.9987247608926674
1467 1.0 0.9989373007438895
1468 1.0 0.9993623804463337
1469 1.0 0.9995749202975558
1470 1.0 1.0
1471 1.0 1.0
1472 1.0 0.999787460148778
1473 1.0 0.9993623804463337
1474 1.0 0.9995749202975558
1475 1.0 0.9995749202975558
1476 1.0 0.999787460148778
1477 1.0 1.0
1478 1.0 0.999787460148778
1479 1.0 0.9995749202975558
1480 1.0 0.999787460148778
1481 1.0 0.999787460148778
1482 1.0 1.0
1483 1.0 0.999787460148778
1484 1.0 1.0
1485 1.0 0.999787460148778
1486 1.0 0.9995749202975558
1487 1.0 0.999787460148778
1488 1.0 0.9995749202975558
1489 1.0 0.9991498405951116
1490 1.0 0.9993623804463337
1491 0.9997874149659864 0.9906482465462274
1492 0.9991496598639455 0.9914984059511158
1493 0.9997874149659864 0.9936238044633369
1494 1.0 0.9980871413390011
1495 1.0 0.9970244420828905
1496 1.0 0.9987247608926674
1497 1.0 0.9936238044633369
1498 0.9993622448979592 0.993836344314559
1499 1.0 0.9965993623804463
1500 1.0 0.9944739638682253
